stick;1;1;1,0,0;1=2%2,2=1%2,-1=-1%1;112.641141599083,95.6458154544821,0|1,0,0|0,1,0
stick;1;1;1,-1.27675647831893E-15,-8.65927457071936E-17;8=2%2,3=1%2,0=0%2;132.641141599083,95.4374821211487,-4.44089209850063E-16|1,-1.27675647831893E-15,-8.65927457071936E-17|8.65927457071937E-17,8.65927457071934E-17,1
stick;1;1;-1,0,0;-1=-1%1,0=1%2,7=2%2;112.641141599083,90.4374821211487,0|-1,0,0|0,-1,0
stick;1;1;1,-1.15429584293669E-15,-8.65927457071936E-17;4=2%2,1=1%2,10=0%2;132.641141599083,95.6458154544821,-5.20833333333333|1,-1.15429584293669E-15,-8.65927457071936E-17|-8.65927457071937E-17,-8.65927457071934E-17,-1
stick;1;1;1,-1.24088858864389E-15,1.11022302462516E-15;6=0%2,5=1%2,3=0%2;152.641141599083,95.6458154544821,-4.99999999999999|1,-1.24088858864389E-15,1.11022302462516E-15|1.24088858864389E-15,1,-1.73185491414387E-16
stick;1;1;1,-1.24088858864389E-15,9.87762389242919E-16;16=2%2,4=1%2,9=2%2;152.641141599083,90.4374821211487,-5.20833333333332|1,-1.24088858864389E-15,9.87762389242919E-16|-1.24088858864389E-15,-1,1.73185491414387E-16
stick;1;1;-1,1.27675647831893E-15,-1.11022302462516E-15;4=0%2,13=1%2,20=0%2;172.641141599083,95.4374821211487,-4.99999999999997|-1,1.27675647831893E-15,-1.11022302462516E-15|-1.27675647831893E-15,-1,1.73185491414387E-16
stick;1;1;1,0,0;11=2%2,-1=-1%1,2=2%2;132.641141599083,90.4374821211487,-0.208333333333333|1,0,0|0,-1,0
stick;1;1;1,-1.19016373261174E-15,-1.4432899320127E-15;17=0%2,-1=-1%1,1=0%2;152.641141599083,95.4374821211487,-0.208333333333349|1,-1.19016373261174E-15,-1.4432899320127E-15|-1.19016373261174E-15,-1,1.73185491414387E-16
stick;1;1;-1,1.24088858864389E-15,-8.88178419700125E-16;15=2%2,-1=-1%1,5=2%2;132.641141599083,90.4374821211487,-5.00000000000001|-1,1.24088858864389E-15,-8.88178419700125E-16|-1.24088858864389E-15,-1,1.73185491414387E-16
stick;1;1;1,-2.33146835171283E-15,-1.73185491414387E-16;3=2%2,29=1%2,-1=-1%1;112.641141599083,95.4374821211488,-5.20833333333333|1,-2.33146835171283E-15,-1.73185491414387E-16|-2.33146835171283E-15,-1,2.09541177949331E-31
stick;1;1;1,1.16573417585641E-15,8.65927457071935E-17;12=2%2,-1=-1%1,7=0%2;152.641141599083,90.6458154544821,-0.208333333333333|1,1.16573417585641E-15,8.65927457071935E-17|8.65927457071936E-17,-8.65927457071934E-17,-1
stick;1;1;1,1.07914143014922E-15,1.4432899320127E-15;54=2%2,32=1%2,11=0%2;172.641141599083,90.6458154544821,1.59872115546023E-14|1,1.07914143014922E-15,1.4432899320127E-15|-1.07914143014922E-15,1,-1.73185491414387E-16
stick;1;1;-1,1.27675647831893E-15,-1.23268366000739E-15;14=2%2,6=1%2,22=2%2;172.641141599083,100.645815454482,-5.2083333333333|-1,1.27675647831893E-15,-1.23268366000739E-15|1.27675647831893E-15,1,-1.73185491414387E-16
stick;1;1;-1,0,-1.1460909143002E-15;-1=-1%1,-1=-1%1,13=0%2;152.641141599083,100.437482121149,-5.20833333333332|-1,0,-1.1460909143002E-15|1.1460909143002E-15,-8.6592745707195E-17,-1
stick;1;1;-1,2.4980018054066E-15,-9.74771165407319E-16;-1=-1%1,23=1%2,9=0%2;112.641141599083,90.6458154544821,-5.00000000000003|-1,2.4980018054066E-15,-9.74771165407319E-16|-9.74771165407319E-16,8.65927457071948E-17,1
stick;1;1;1,0,1.07435513495011E-15;19=2%2,-1=-1%1,5=0%2;172.641141599083,90.645815454482,-5.2083333333333|1,0,1.07435513495011E-15|1.07435513495011E-15,-2.59778237121582E-16,-1
stick;1;1;1.22124532708767E-15,-1,2.59778237121577E-16;8=0%2,-1=-1%1,18=2%2;162.74530826575,105.541648787815,-3.37507799486048E-14|1.22124532708767E-15,-1,2.59778237121577E-16|1,1.22124532708767E-15,-1.35669718630551E-15
stick;1;1;-1.22124532708767E-15,1,-2.77555756156289E-16;43=2%2,-1=-1%1,17=2%2;162.74530826575,125.541648787815,-0.208333333333372|-1.22124532708767E-15,1,-2.77555756156289E-16|1,1.22124532708767E-15,-1.35669718630551E-15
stick;1;1;1,-8.6592745707193E-17,2.27595720048157E-15;25=2%2,27=1%2,16=0%2;192.641141599083,90.645815454482,-4.99999999999993|1,-8.6592745707193E-17,2.27595720048157E-15|8.65927457071938E-17,1,-3.46370982828775E-16
stick;1;1;-1,1.19016373261174E-15,-2.33146835171283E-15;6=2%2,24=1%2,21=0%2;192.641141599083,95.4374821211487,-5.20833333333326|-1,1.19016373261174E-15,-2.33146835171283E-15|2.33146835171283E-15,-2.59778237121583E-16,-1
stick;1;1;-1,2.4980018054066E-15,-2.41806109742002E-15;20=2%2,-1=-1%1,-1=-1%1;212.641141599083,95.645815454482,-5.20833333333322|-1,2.4980018054066E-15,-2.41806109742002E-15|2.4980018054066E-15,1,-3.46370982828771E-16
stick;1;1;1,-1.27675647831893E-15,1.27675647831893E-15;34=0%2,-1=-1%1,13=2%2;192.641141599083,100.645815454482,-4.99999999999994|1,-1.27675647831893E-15,1.27675647831893E-15|1.27675647831893E-15,1,-1.73185491414387E-16
stick;1;1;-1,2.37554117002436E-15,-9.74771165407319E-16;-1=-1%1,15=1%2,71=2%2;112.641141599083,90.4374821211488,-10.2083333333334|-1,2.37554117002436E-15,-9.74771165407319E-16|9.74771165407319E-16,-8.6592745707195E-17,-1
stick;1;1;-1,1.31262436799397E-15,-2.33146835171283E-15;-1=-1%1,20=1%2,36=0%2;192.641141599083,95.645815454482,6.83897383169096E-14|-1,1.31262436799397E-15,-2.33146835171283E-15|-2.33146835171283E-15,2.59778237121583E-16,1
stick;1;1;1,-1.4432899320127E-15,2.18936445477438E-15;-1=-1%1,26=1%2,19=0%2;212.641141599083,90.4374821211487,-4.99999999999989|1,-1.4432899320127E-15,2.18936445477438E-15|-2.18936445477438E-15,4.32963728535969E-16,1
stick;1;1;1,-1.32082929663047E-15,2.18936445477438E-15;-1=-1%1,25=1%2,55=0%2;212.641141599083,90.645815454482,-10.2083333333332|1,-1.32082929663047E-15,2.18936445477438E-15|2.18936445477438E-15,-4.32963728535969E-16,-1
stick;1;1;-1,8.6592745707193E-17,-2.27595720048157E-15;28=2%2,19=1%2,30=2%2;192.641141599083,85.4374821211487,-4.99999999999993|-1,8.6592745707193E-17,-2.27595720048157E-15|-8.65927457071938E-17,-1,3.46370982828775E-16
stick;1;1;-1,1.4432899320127E-15,-2.36254994618876E-15;31=2%2,-1=-1%1,27=0%2;172.641141599083,85.645815454482,-4.99999999999998|-1,1.4432899320127E-15,-2.36254994618876E-15|-2.36254994618876E-15,2.59778237121582E-16,1
stick;1;1;-1,2.33146835171283E-15,1.73185491414387E-16;-1=-1%1,10=1%2,-1=-1%1;112.641141599083,100.645815454482,-5.20833333333333|-1,2.33146835171283E-15,1.73185491414387E-16|2.33146835171283E-15,1,-1.99340890599278E-31
stick;1;1;1,-8.6592745707193E-17,2.22044604925031E-15;-1=-1%1,-1=-1%1,27=2%2;212.641141599083,85.4374821211487,-5.20833333333322|1,-8.6592745707193E-17,2.22044604925031E-15|-8.65927457071938E-17,-1,3.46370982828775E-16
stick;1;1;3.49720252756924E-15,-2.59778237121584E-16,-1;35=2%2,-1=-1%1,28=0%2;162.536974932417,85.4374821211487,-15.1041666666667|3.49720252756924E-15,-2.59778237121584E-16,-1|-1.4432899320127E-15,-1,2.59778237121579E-16
stick;1;1;1,1.07914143014922E-15,1.32082929663047E-15;37=0%2,12=1%2,33=0%2;172.641141599083,85.4374821211488,-0.208333333333316|1,1.07914143014922E-15,1.32082929663047E-15|1.07914143014922E-15,-1,1.73185491414387E-16
stick;1;1;1,9.92548684442028E-16,2.4980018054066E-15;32=2%2,-1=-1%1,39=0%2;152.641141599083,85.4374821211488,-2.04281036531029E-14|1,9.92548684442027E-16,2.4980018054066E-15|-2.4980018054066E-15,8.65927457071907E-17,1
stick;1;1;-1,1.27675647831893E-15,-1.27675647831893E-15;22=0%2,51=1%2,-1=-1%1;212.641141599083,100.437482121149,-4.99999999999992|-1,1.27675647831893E-15,-1.27675647831893E-15|-1.27675647831893E-15,-1,1.73185491414387E-16
stick;1;1;3.58379527327644E-15,8.32667268468867E-16,-1;40=0%2,38=1%2,31=0%2;162.536974932417,85.6458154544821,-35.1041666666667|3.58379527327644E-15,8.32667268468868E-16,-1|-1,1.35669718630551E-15,-3.58379527327644E-15
stick;1;1;-1,0,-2.24487560600564E-15;24=2%2,44=1%2,-1=-1%1;212.641141599083,95.4374821211487,1.15019105351166E-13|-1,0,-2.24487560600564E-15|-7.77559769980517E-31,-1,3.46370982828776E-16
stick;1;1;-1,-1.11022302462516E-15,-1.32082929663047E-15;32=0%2,-1=-1%1,53=2%2;192.641141599083,85.6458154544821,-0.20833333333329|-1,-1.11022302462516E-15,-1.32082929663047E-15|-1.11022302462516E-15,1,-1.73185491414387E-16
stick;1;1;3.58379527327644E-15,7.1020663308663E-16,-1;41=0%2,35=1%2,-1=-1%1;167.74530826575,85.4374821211487,-35.1041666666667|3.58379527327644E-15,7.1020663308663E-16,-1|1,-1.35669718630551E-15,3.58379527327644E-15
stick;1;1;1,2.16493489801906E-15,2.5845945511138E-15;33=2%2,47=1%2,46=0%2;132.641141599083,85.6458154544821,-7.105427357601E-14|1,2.16493489801906E-15,2.5845945511138E-15|-2.16493489801906E-15,1,-2.76101316827354E-30
stick;1;1;-3.49720252756924E-15,-8.32667268468865E-16,1;35=0%2,48=1%2,42=0%2;162.74530826575,85.6458154544821,-55.1041666666667|-3.49720252756924E-15,-8.32667268468865E-16,1|1,-1.35669718630551E-15,3.49720252756924E-15
stick;1;1;-3.60822483003176E-15,-7.1020663308663E-16,1;38=0%2,64=1%2,122=0%2;167.536974932417,85.4374821211488,-55.1041666666666|-3.60822483003176E-15,-7.1020663308663E-16,1|-1,1.35669718630551E-15,-3.60822483003176E-15
stick;1;1;-3.41060978186205E-15,-2.05391259555654E-15,1;40=2%2,-1=-1%1,75=2%2;162.74530826575,85.4374821211488,-75.1041666666667|-3.41060978186205E-15,-2.05391259555654E-15,1|-1.27010444059831E-15,-1,-2.05391259555654E-15
stick;1;1;-1,-2.55351295663786E-15,1.35669718630551E-15;87=0%2,97=1%2,18=0%2;152.641141599083,135.645815454482,-2.8421709430404E-14|-1,-2.55351295663786E-15,1.35669718630551E-15|1.35669718630551E-15,2.7755575615629E-16,1
stick;1;1;1,0,2.24487560600564E-15;-1=-1%1,36=1%2,45=2%2;212.641141599083,100.645815454482,1.13242748511766E-13|1,0,2.24487560600564E-15|7.77559769980517E-31,1,-3.46370982828776E-16
stick;1;1;-1,0,-2.22044604925031E-15;-1=-1%1,-1=-1%1,44=2%2;192.641141599083,100.645815454482,-0.208333333333265|-1,0,-2.22044604925031E-15|7.69098080397105E-31,1,-3.46370982828776E-16
stick;1;1;1,2.25152764372625E-15,1.27675647831893E-15;39=2%2,49=1%2,-1=-1%1;112.641141599083,85.645815454482,-0.208333333333442|1,2.25152764372625E-15,1.27675647831893E-15|1.27675647831893E-15,8.65927457071933E-17,-1
stick;1;1;-1,-2.16493489801906E-15,-2.5845945511138E-15;151=2%2,39=1%2,149=0%2;132.641141599083,80.4374821211487,-7.105427357601E-14|-1,-2.16493489801906E-15,-2.5845945511138E-15|2.16493489801906E-15,-1,2.68655435293367E-30
stick;1;1;3.49720252756924E-15,8.32667268468865E-16,-1;52=2%2,40=1%2,63=2%2;157.536974932417,85.6458154544821,-55.1041666666667|3.49720252756924E-15,8.32667268468865E-16,-1|-1,1.35669718630551E-15,-3.49720252756924E-15
stick;1;1;-1,-2.25152764372625E-15,-1.27675647831893E-15;-1=-1%1,46=1%2,50=2%2;112.641141599083,85.645815454482,4.99999999999989|-1,-2.25152764372625E-15,-1.27675647831893E-15|-1.27675647831893E-15,-8.65927457071934E-17,1
stick;1;1;1,2.22044604925031E-15,1.27675647831893E-15;-1=-1%1,-1=-1%1,49=2%2;132.641141599083,85.4374821211487,4.99999999999991|1,2.22044604925031E-15,1.27675647831893E-15|-1.27675647831893E-15,-8.65927457071934E-17,1
stick;1;1;-1,1.27675647831893E-15,-1.39921711370117E-15;57=0%2,34=1%2,-1=-1%1;212.641141599083,105.645815454482,-5.20833333333325|-1,1.27675647831893E-15,-1.39921711370117E-15|1.27675647831893E-15,1,-1.73185491414387E-16
stick;1;1;4.66293670342566E-15,7.4607452276167E-16,-1;86=0%2,88=1%2,48=0%2;157.74530826575,85.6458154544821,-75.1041666666667|4.66293670342566E-15,7.4607452276167E-16,-1|1.27010444059832E-15,1,7.46074522761676E-16
stick;1;1;1,1.11022302462516E-15,1.27675647831893E-15;-1=-1%1,56=1%2,37=2%2;212.641141599083,85.6458154544821,6.92779167366098E-14|1,1.11022302462516E-15,1.27675647831893E-15|-1.11022302462516E-15,1,-1.73185491414387E-16
stick;1;1;1,-1.11022302462516E-16,1.35669718630551E-15;60=2%2,-1=-1%1,12=0%2;192.641141599083,90.4374821211488,4.44089209850063E-14|1,-1.11022302462516E-16,1.35669718630551E-15|-1.35669718630551E-15,2.59778237121579E-16,1
stick;1;1;1,-2.4980018054066E-15,2.10277170906719E-15;26=2%2,-1=-1%1,-1=-1%1;192.641141599083,90.4374821211487,-10.2083333333333|1,-2.4980018054066E-15,2.10277170906718E-15|-2.4980018054066E-15,-1,3.4637098282877E-16
stick;1;1;-1,-1.11022302462516E-15,-1.27675647831893E-15;61=0%2,53=1%2,-1=-1%1;212.641141599083,80.4374821211488,7.01660951563099E-14|-1,-1.11022302462516E-15,-1.27675647831893E-15|1.11022302462516E-15,-1,1.73185491414387E-16
stick;1;1;1,-1.27675647831893E-15,1.39921711370117E-15;51=0%2,58=1%2,62=2%2;192.641141599083,105.437482121149,-5.20833333333328|1,-1.27675647831893E-15,1.39921711370117E-15|-1.27675647831893E-15,-1,1.73185491414387E-16
stick;1;1;1,-1.27675647831893E-15,1.52167774908341E-15;59=0%2,57=1%2,65=2%2;192.641141599083,110.645815454482,-4.99999999999995|1,-1.27675647831893E-15,1.52167774908341E-15|1.27675647831893E-15,1,-1.73185491414387E-16
stick;1;1;-1,1.27675647831893E-15,-1.52167774908341E-15;58=0%2,66=1%2,-1=-1%1;212.641141599083,110.437482121149,-4.99999999999992|-1,1.27675647831893E-15,-1.52167774908341E-15|-1.27675647831893E-15,-1,1.73185491414387E-16
stick;1;1;1,-2.44295567553223E-17,2.77555756156289E-16;-1=-1%1,-1=-1%1,54=0%2;212.641141599083,90.4374821211488,-0.208333333333273|1,-2.44295567553223E-17,2.77555756156289E-16|-2.44295567553224E-17,-1,3.46370982828772E-16
stick;1;1;1,1.11022302462516E-15,1.27675647831893E-15;56=0%2,116=1%2,78=0%2;192.641141599083,80.6458154544821,4.52970994047064E-14|1,1.11022302462516E-15,1.27675647831893E-15|-1.11022302462516E-15,1,-1.73185491414387E-16
stick;1;1;-1,1.27675647831893E-15,-1.4432899320127E-15;67=2%2,-1=-1%1,57=2%2;172.641141599083,105.437482121149,-4.99999999999998|-1,1.27675647831893E-15,-1.4432899320127E-15|-1.27675647831893E-15,-1,1.73185491414387E-16
stick;1;1;-3.49720252756924E-15,-8.32667268468867E-16,1;79=0%2,-1=-1%1,48=2%2;157.536974932417,85.4374821211488,-35.1041666666667|-3.49720252756924E-15,-8.32667268468868E-16,1|-1,1.35669718630551E-15,-3.49720252756924E-15
stick;1;1;-3.60822483003176E-15,-5.87745997704392E-16,1;68=0%2,41=1%2,69=0%2;172.74530826575,85.6458154544821,-55.1041666666666|-3.60822483003176E-15,-5.87745997704392E-16,1|1,-1.35669718630551E-15,3.60822483003176E-15
stick;1;1;-1,1.27675647831893E-15,-1.55431223447522E-15;211=0%2,-1=-1%1,58=2%2;172.641141599083,110.645815454482,-5.20833333333331|-1,1.27675647831893E-15,-1.55431223447522E-15|1.27675647831893E-15,1,-1.73185491414387E-16
stick;1;1;1,-1.27675647831893E-15,1.52167774908341E-15;-1=-1%1,59=1%2,81=0%2;212.641141599083,115.645815454482,-4.99999999999992|1,-1.27675647831893E-15,1.52167774908341E-15|1.27675647831893E-15,1,-1.73185491414387E-16
stick;1;1;-1,2.4980018054066E-15,-1.5298826777199E-15;182=2%2,77=1%2,62=0%2;152.641141599083,105.645815454482,-5.00000000000001|-1,2.4980018054066E-15,-1.5298826777199E-15|-1.5298826777199E-15,8.65927457071956E-17,1
stick;1;1;3.60822483003176E-15,5.87745997704392E-16,-1;64=0%2,70=1%2,-1=-1%1;172.536974932417,85.6458154544821,-35.1041666666666|3.60822483003176E-15,5.87745997704392E-16,-1|-1,1.35669718630551E-15,-3.60822483003176E-15
stick;1;1;-3.52163208432457E-15,-1.83186799063151E-15,1;64=2%2,73=1%2,76=0%2;172.74530826575,85.4374821211488,-75.1041666666666|-3.52163208432457E-15,-1.83186799063151E-15,1|-1.27010444059831E-15,-1,-1.83186799063151E-15
stick;1;1;3.60822483003176E-15,4.65285362322155E-16,-1;109=2%2,68=1%2,-1=-1%1;177.74530826575,85.4374821211487,-35.1041666666666|3.60822483003176E-15,4.65285362322155E-16,-1|1,-1.35669718630551E-15,3.60822483003176E-15
stick;1;1;1,-2.38697950294409E-15,9.74771165407319E-16;72=0%2,-1=-1%1,23=2%2;132.641141599083,90.6458154544821,-10.2083333333333|1,-2.38697950294409E-15,9.74771165407319E-16|9.74771165407319E-16,-8.6592745707195E-17,-1
stick;1;1;-1,2.38697950294409E-15,-8.32667268468867E-16;71=0%2,84=1%2,74=0%2;152.641141599083,90.645815454482,-9.99999999999999|-1,2.38697950294409E-15,-8.32667268468867E-16|-8.32667268468867E-16,8.65927457071949E-17,1
stick;1;1;3.52163208432457E-15,1.83186799063151E-15,-1;133=0%2,69=1%2,102=2%2;172.74530826575,90.6458154544821,-75.1041666666666|3.52163208432457E-15,1.83186799063151E-15,-1|1.27010444059831E-15,1,1.83186799063151E-15
stick;1;1;-1,1.11022302462516E-15,-7.46074522761674E-16;72=2%2,80=1%2,-1=-1%1;172.641141599083,90.4374821211487,-9.99999999999998|-1,1.11022302462516E-15,-7.46074522761674E-16|-1.11022302462516E-15,-1,1.73185491414387E-16
stick;1;1;3.49720252756924E-15,2.05391259555654E-15,-1;-1=-1%1,89=1%2,42=2%2;162.536974932417,85.4374821211488,-95.1041666666667|3.49720252756924E-15,2.05391259555654E-15,-1|-1.27010444059831E-15,-1,-2.05391259555654E-15
stick;1;1;-4.71844785465692E-15,-1.9184607363387E-15,1;69=2%2,91=1%2,-1=-1%1;172.536974932417,85.4374821211488,-95.1041666666666|-4.71844785465692E-15,-1.9184607363387E-15,1|-1,1.18351169489112E-15,-4.71844785465691E-15
stick;1;1;-1,2.37554117002436E-15,-1.5298826777199E-15;90=0%2,67=1%2,92=0%2;152.641141599083,105.437482121149,-10.2083333333333|-1,2.37554117002436E-15,-1.5298826777199E-15|1.5298826777199E-15,-8.65927457071957E-17,-1
stick;1;1;1,1.19681577033235E-15,0;61=2%2,113=1%2,-1=-1%1;172.641141599083,80.6458154544821,-0.208333333333301|1,1.19681577033235E-15,0|1.03635563658748E-31,-8.65927457071938E-17,-1
stick;1;1;3.49720252756924E-15,8.32667268468865E-16,-1;63=0%2,83=1%2,-1=-1%1;157.74530826575,85.4374821211487,-15.1041666666667|3.49720252756924E-15,8.32667268468865E-16,-1|1,-1.35669718630551E-15,3.49720252756924E-15
stick;1;1;-1,1.11022302462516E-15,-8.68535158143912E-16;82=0%2,74=1%2,119=2%2;172.641141599083,95.645815454482,-10.2083333333333|-1,1.11022302462516E-15,-8.68535158143912E-16|1.11022302462516E-15,1,-1.73185491414387E-16
stick;1;1;1,-1.19016373261174E-15,2.77555756156289E-16;66=2%2,95=1%2,118=0%2;192.641141599083,115.645815454482,-5.20833333333327|1,-1.19016373261174E-15,2.77555756156289E-16|2.77555756156289E-16,-8.65927457071942E-17,-1
stick;1;1;1,-1.11022302462516E-15,8.68535158143911E-16;80=0%2,110=1%2,99=0%2;152.641141599083,95.4374821211487,-10.2083333333333|1,-1.11022302462516E-15,8.68535158143911E-16|-1.11022302462516E-15,-1,1.73185491414387E-16
stick;1;1;3.49720252756924E-15,9.55127903851103E-16,-1;103=2%2,79=1%2,-1=-1%1;152.536974932417,85.6458154544821,-15.1041666666667|3.49720252756924E-15,9.55127903851103E-16,-1|-1,1.35669718630551E-15,-3.49720252756924E-15
stick;1;1;-1,2.26451886756185E-15,-8.32667268468867E-16;85=0%2,72=1%2,111=0%2;152.641141599083,90.4374821211487,-15.2083333333333|-1,2.26451886756185E-15,-8.32667268468867E-16|8.32667268468867E-16,-8.65927457071947E-17,-1
stick;1;1;1,-2.26451886756185E-15,7.21644966006352E-16;84=0%2,130=1%2,198=2%2;132.641141599083,90.4374821211487,-15|1,-2.26451886756185E-15,7.21644966006352E-16|-7.21644966006352E-16,8.65927457071949E-17,1
stick;1;1;-4.66293670342566E-15,-8.32667268468867E-16,1;52=0%2,126=1%2,-1=-1%1;157.74530826575,85.4374821211488,-95.1041666666667|-4.66293670342566E-15,-8.32667268468867E-16,1|-1.27010444059831E-15,-1,-8.32667268468873E-16
stick;1;1;1,2.55351295663786E-15,-1.49880108324396E-15;43=0%2,93=1%2,-1=-1%1;132.641141599083,135.645815454482,-0.208333333333333|1,2.55351295663786E-15,-1.49880108324396E-15|-1.49880108324396E-15,-2.7755575615629E-16,-1
stick;1;1;-4.66293670342566E-15,-7.4607452276167E-16,1;-1=-1%1,52=1%2,108=0%2;157.74530826575,80.4374821211488,-75.1041666666667|-4.66293670342566E-15,-7.4607452276167E-16,1|-1.27010444059832E-15,-1,-7.46074522761676E-16
stick;1;1;-3.49720252756924E-15,-2.05391259555654E-15,1;114=0%2,75=1%2,-1=-1%1;162.536974932417,90.6458154544822,-95.1041666666666|-3.49720252756924E-15,-2.05391259555654E-15,1|1.27010444059831E-15,1,2.05391259555654E-15
stick;1;1;1,-2.37554117002436E-15,1.60982338570648E-15;77=0%2,100=1%2,105=0%2;132.641141599083,105.437482121149,-10|1,-2.37554117002436E-15,1.60982338570648E-15|-1.60982338570648E-15,8.65927457071956E-17,1
stick;1;1;-4.71844785465692E-15,-1.79600010095646E-15,1;96=0%2,76=1%2,-1=-1%1;177.74530826575,85.6458154544821,-95.1041666666666|-4.71844785465692E-15,-1.79600010095646E-15,1|1,-1.18351169489112E-15,4.71844785465691E-15
stick;1;1;-1,3.60822483003176E-15,-1.61647542342709E-15;77=2%2,-1=-1%1,140=0%2;172.641141599083,105.645815454482,-10.2083333333333|-1,3.60822483003176E-15,-1.61647542342709E-15|3.60822483003176E-15,1,-1.73185491414384E-16
stick;1;1;1,2.43105232125562E-15,-1.49880108324396E-15;94=0%2,87=1%2,-1=-1%1;132.641141599083,135.437482121149,5|1,2.43105232125562E-15,-1.49880108324396E-15|1.49880108324396E-15,2.7755575615629E-16,1
stick;1;1;-1,-2.43105232125562E-15,1.55431223447522E-15;93=0%2,131=1%2,139=2%2;152.641141599083,135.437482121149,4.79166666666664|-1,-2.43105232125562E-15,1.55431223447522E-15|-1.55431223447522E-15,-2.7755575615629E-16,-1
stick;1;1;-1,1.19016373261174E-15,-2.77555756156289E-16;-1=-1%1,81=1%2,120=2%2;192.641141599083,115.645815454482,6.3504757008559E-14|-1,1.19016373261174E-15,-2.77555756156289E-16|-2.77555756156289E-16,8.65927457071942E-17,1
stick;1;1;4.71844785465692E-15,1.79600010095646E-15,-1;91=0%2,180=1%2,-1=-1%1;177.536974932417,85.6458154544821,-75.1041666666666|4.71844785465692E-15,1.79600010095646E-15,-1|-1,1.18351169489112E-15,-4.71844785465691E-15
stick;1;1;1,2.55351295663786E-15,-1.35669718630551E-15;106=0%2,43=1%2,98=0%2;152.641141599083,135.645815454482,-5.20833333333336|1,2.55351295663786E-15,-1.35669718630551E-15|-1.35669718630551E-15,-2.7755575615629E-16,-1
stick;1;1;1,1.27675647831893E-15,-1.44328993201271E-15;97=2%2,101=1%2,-1=-1%1;132.641141599083,135.437482121149,-5.20833333333333|1,1.27675647831893E-15,-1.44328993201271E-15|1.27675647831893E-15,-1,1.90963010449095E-16
stick;1;1;1,-1.19681577033235E-15,2.22044604925031E-15;82=2%2,143=1%2,104=2%2;132.641141599083,95.4374821211487,-10|1,-1.19681577033235E-15,2.22044604925031E-15|-2.22044604925031E-15,8.65927457071963E-17,1
stick;1;1;1,-2.25308053464213E-15,1.60982338570648E-15;172=0%2,90=1%2,170=2%2;132.641141599083,105.645815454482,-15.2083333333334|1,-2.25308053464213E-15,1.60982338570648E-15|1.60982338570648E-15,-8.65927457071956E-17,-1
stick;1;1;1,1.27675647831893E-15,-1.32082929663047E-15;128=2%2,98=1%2,-1=-1%1;132.641141599083,140.645815454482,-5|1,1.27675647831893E-15,-1.32082929663047E-15|-1.27675647831893E-15,1,-1.90963010449095E-16
stick;1;1;-3.49720252756924E-15,-1.83186799063151E-15,1;137=0%2,-1=-1%1,73=2%2;172.536974932417,90.6458154544821,-55.1041666666666|-3.49720252756924E-15,-1.83186799063151E-15,1|1.27010444059831E-15,1,1.83186799063151E-15
stick;1;1;4.66293670342566E-15,8.68535158143907E-16,-1;107=0%2,124=1%2,83=0%2;152.74530826575,85.6458154544821,-35.1041666666667|4.66293670342566E-15,8.68535158143907E-16,-1|1.27010444059831E-15,1,8.68535158143913E-16
stick;1;1;-1,1.27675647831893E-15,-2.22044604925031E-15;132=0%2,-1=-1%1,99=2%2;112.641141599083,95.645815454482,-10.0000000000001|-1,1.27675647831893E-15,-2.22044604925031E-15|-2.22044604925031E-15,8.65927457071962E-17,1
stick;1;1;1,-1.22124532708767E-15,1.69641613141367E-15;90=2%2,138=1%2,-1=-1%1;112.641141599083,105.645815454482,-10.0000000000001|1,-1.22124532708767E-15,1.69641613141367E-15|1.22124532708767E-15,1,-2.95822839457879E-31
stick;1;1;-1,-2.55351295663786E-15,1.38777878078145E-15;97=0%2,221=1%2,187=0%2;172.641141599083,135.645815454482,-5.00000000000006|-1,-2.55351295663786E-15,1.38777878078145E-15|1.38777878078144E-15,2.7755575615629E-16,1
stick;1;1;-4.66293670342566E-15,-1.0547118733939E-15,1;103=0%2,-1=-1%1,227=0%2;152.74530826575,85.4374821211488,-55.1041666666667|-4.66293670342566E-15,-1.0547118733939E-15,1|-1.27010444059831E-15,-1,-1.0547118733939E-15
stick;1;1;-5.99520433297585E-15,-8.32667268468862E-16,1;88=2%2,115=1%2,-1=-1%1;157.536974932417,80.4374821211488,-95.1041666666667|-5.99520433297585E-15,-8.32667268468862E-16,1|-1,1.18351169489113E-15,-5.99520433297584E-15
stick;1;1;2.38697950294409E-15,5.5187810802935E-16,-1;-1=-1%1,112=1%2,70=0%2;177.536974932417,85.4374821211487,-55.1041666666666|2.38697950294409E-15,5.5187810802935E-16,-1|-1.27010444059831E-15,-1,-5.51878108029353E-16
stick;1;1;1,-1.11022302462516E-15,9.90995793526149E-16;155=2%2,82=1%2,-1=-1%1;152.641141599083,100.645815454482,-9.99999999999999|1,-1.11022302462516E-15,9.90995793526149E-16|1.11022302462516E-15,1,-1.73185491414387E-16
stick;1;1;-1,3.44169137633799E-15,-9.19260014176061E-16;84=2%2,-1=-1%1,196=2%2;172.641141599083,90.645815454482,-15.2083333333333|-1,3.44169137633798E-15,-9.19260014176061E-16|3.44169137633798E-15,1,-1.73185491414385E-16
stick;1;1;2.50944013832632E-15,5.5187810802935E-16,-1;123=0%2,109=1%2,153=2%2;177.74530826575,90.6458154544821,-55.1041666666666|2.50944013832632E-15,5.5187810802935E-16,-1|1.27010444059831E-15,1,5.51878108029353E-16
stick;1;1;1,1.07435513495011E-15,1.06042026587955E-32;125=0%2,78=1%2,-1=-1%1;172.641141599083,80.4374821211488,5.00000000000003|1,1.07435513495011E-15,1.06042026587955E-32|-1.03635563658748E-31,8.65927457071938E-17,1
stick;1;1;3.49720252756924E-15,2.05391259555654E-15,-1;89=0%2,127=1%2,129=2%2;162.536974932417,90.4374821211488,-75.1041666666666|3.49720252756924E-15,2.05391259555654E-15,-1|-1.27010444059831E-15,-1,-2.05391259555654E-15
stick;1;1;-5.99520433297585E-15,-7.10206633086625E-16,1;159=2%2,108=1%2,-1=-1%1;162.74530826575,80.6458154544821,-95.1041666666666|-5.99520433297585E-15,-7.10206633086625E-16,1|1,-1.18351169489113E-15,5.99520433297584E-15
stick;1;1;-1,-1.11022302462516E-15,-1.27675647831893E-15;121=0%2,61=1%2,117=2%2;192.641141599083,75.4374821211488,4.61852778244065E-14|-1,-1.11022302462516E-15,-1.27675647831893E-15|1.11022302462516E-15,-1,1.73185491414387E-16
stick;1;1;1,1.11022302462516E-15,1.27675647831893E-15;-1=-1%1,-1=-1%1,116=2%2;212.641141599083,75.4374821211488,-0.208333333333261|1,1.11022302462516E-15,1.27675647831893E-15|1.11022302462516E-15,-1,1.73185491414387E-16
stick;1;1;1,-2.4980018054066E-15,1.90963010449096E-16;81=2%2,134=1%2,-1=-1%1;172.641141599083,115.437482121149,-5.20833333333327|1,-2.4980018054066E-15,1.90963010449096E-16|-2.4980018054066E-15,-1,0
stick;1;1;1,-1.11022302462516E-15,8.88178419700125E-16;160=2%2,-1=-1%1,80=2%2;192.641141599083,95.645815454482,-9.99999999999996|1,-1.11022302462516E-15,8.88178419700125E-16|1.11022302462516E-15,1,-1.73185491414387E-16
stick;1;1;1,-1.27675647831893E-15,2.77555756156289E-16;-1=-1%1,-1=-1%1,95=2%2;212.641141599083,115.437482121149,7.061018436616E-14|1,-1.27675647831893E-15,2.77555756156289E-16|-2.77555756156289E-16,8.65927457071941E-17,1
stick;1;1;1,1.11022302462516E-15,1.27675647831893E-15;116=0%2,135=1%2,303=2%2;172.641141599083,75.6458154544821,2.1316282072803E-14|1,1.11022302462516E-15,1.27675647831893E-15|-1.11022302462516E-15,1,-1.73185491414387E-16
stick;1;1;-3.69481757573895E-15,4.44089209850063E-16,1;41=2%2,251=1%2,178=0%2;167.536974932417,85.6458154544821,-75.1041666666666|-3.69481757573895E-15,4.44089209850063E-16,1|1.27010444059832E-15,1,-4.44089209850058E-16
stick;1;1;-2.50944013832632E-15,-6.66133814775094E-16,1;112=0%2,177=1%2,-1=-1%1;177.74530826575,90.4374821211488,-75.1041666666666|-2.50944013832632E-15,-6.66133814775094E-16,1|-1.27010444059831E-15,-1,-6.66133814775097E-16
stick;1;1;-4.66293670342566E-15,-8.68535158143907E-16,1;154=2%2,103=1%2,144=0%2;152.74530826575,80.4374821211488,-35.1041666666667|-4.66293670342566E-15,-8.68535158143907E-16,1|-1.27010444059831E-15,-1,-8.68535158143913E-16
stick;1;1;-1,-1.07435513495011E-15,0;113=0%2,229=1%2,183=0%2;192.641141599083,80.4374821211488,4.7916666666667|-1,-1.07435513495011E-15,0|9.30313609999531E-32,-8.65927457071939E-17,-1
stick;1;1;-4.7853973388079E-15,-8.32667268468867E-16,1;179=0%2,86=1%2,-1=-1%1;157.536974932417,90.6458154544821,-95.1041666666667|-4.7853973388079E-15,-8.32667268468867E-16,1|1.27010444059832E-15,1,8.32667268468873E-16
stick;1;1;3.61966316295148E-15,2.05391259555654E-15,-1;136=2%2,114=1%2,-1=-1%1;162.74530826575,95.6458154544821,-75.1041666666666|3.61966316295148E-15,2.05391259555654E-15,-1|1.27010444059831E-15,1,2.05391259555654E-15
stick;1;1;1,0,-1.40742204233766E-15;-1=-1%1,239=1%2,101=0%2;152.641141599083,140.437482121149,-5.00000000000003|1,0,-1.40742204233766E-15|1.40742204233766E-15,2.7755575615629E-16,1
stick;1;1;-3.49720252756924E-15,-2.05391259555654E-15,1;142=2%2,-1=-1%1,114=2%2;162.74530826575,90.4374821211487,-55.1041666666667|-3.49720252756924E-15,-2.05391259555654E-15,1|-1.27010444059831E-15,-1,-2.05391259555654E-15
stick;1;1;-1,2.26451886756185E-15,-7.21644966006352E-16;146=2%2,85=1%2,148=0%2;132.641141599083,90.4374821211488,-20.2083333333333|-1,2.26451886756185E-15,-7.21644966006352E-16|7.21644966006352E-16,-8.65927457071946E-17,-1
stick;1;1;-1,-2.30859168587338E-15,1.55431223447522E-15;171=2%2,94=1%2,-1=-1%1;152.641141599083,135.645815454482,9.99999999999997|-1,-2.30859168587338E-15,1.55431223447522E-15|1.55431223447522E-15,2.7755575615629E-16,1
stick;1;1;-4.71844785465692E-15,5.62063394969971E-30,1;104=0%2,-1=-1%1,162=0%2;102.536974932417,95.4374821211487,-20.1041666666668|-4.71844785465692E-15,5.62063394969971E-30,1|-1,1.19016373261174E-15,-4.71844785465692E-15
stick;1;1;-3.52163208432457E-15,-1.83186799063151E-15,1;73=0%2,141=1%2,-1=-1%1;172.74530826575,90.4374821211488,-95.1041666666666|-3.52163208432457E-15,-1.83186799063151E-15,1|-1.27010444059831E-15,-1,-1.83186799063151E-15
stick;1;1;1,-2.4980018054066E-15,3.13423645831333E-16;167=2%2,118=1%2,152=2%2;172.641141599083,120.645815454482,-4.99999999999994|1,-2.4980018054066E-15,3.13423645831333E-16|2.4980018054066E-15,1,-6.95391875015084E-34
stick;1;1;1,1.11022302462516E-15,1.15429584293669E-15;-1=-1%1,121=1%2,250=2%2;172.641141599083,70.4374821211488,-0.20833333333331|1,1.11022302462516E-15,1.15429584293669E-15|1.11022302462516E-15,-1,1.73185491414387E-16
stick;1;1;3.53307041724429E-15,8.32667268468867E-16,-1;-1=-1%1,157=1%2,127=0%2;162.74530826575,95.4374821211488,-95.1041666666666|3.53307041724429E-15,8.32667268468868E-16,-1|1,-1.18351169489112E-15,3.53307041724429E-15
stick;1;1;3.49720252756925E-15,1.77635683940025E-15,-1;102=0%2,161=1%2,-1=-1%1;172.536974932417,90.4374821211487,-35.1041666666666|3.49720252756925E-15,1.77635683940025E-15,-1|-1.27010444059831E-15,-1,-1.77635683940025E-15
stick;1;1;1,-1.22124532708767E-15,1.57395549603143E-15;145=2%2,105=1%2,-1=-1%1;112.641141599083,100.437482121149,-10.2083333333334|1,-1.22124532708767E-15,1.57395549603143E-15|-1.22124532708767E-15,-1,3.84990859675314E-31
stick;1;1;1,2.38697950294409E-15,-1.55431223447522E-15;150=2%2,-1=-1%1,94=2%2;172.641141599083,135.645815454482,4.79166666666661|1,2.38697950294409E-15,-1.55431223447522E-15|-1.55431223447522E-15,-2.77555756156291E-16,-1
stick;1;1;-1,3.69481757573895E-15,-2.77555756156289E-16;92=2%2,-1=-1%1,147=2%2;192.641141599083,105.645815454482,-9.99999999999996|-1,3.69481757573895E-15,-2.77555756156289E-16|-2.77555756156288E-16,2.59778237121579E-16,1
stick;1;1;-3.6440927197068E-15,-1.83186799063151E-15,1;174=0%2,133=1%2,-1=-1%1;172.536974932417,95.6458154544821,-95.1041666666666|-3.6440927197068E-15,-1.83186799063151E-15,1|1.27010444059831E-15,1,1.83186799063151E-15
stick;1;1;1.27010444059831E-15,1,8.32667268468867E-16;-1=-1%1,-1=-1%1,129=0%2;162.536974932417,100.541648787815,-45|1.27010444059831E-15,1,8.32667268468868E-16|-1,1.27010444059831E-15,-3.49720252756924E-15
stick;1;1;1,-1.07435513495011E-15,2.22044604925031E-15;218=0%2,99=1%2,-1=-1%1;132.641141599083,95.645815454482,-15.2083333333334|1,-1.07435513495011E-15,2.22044604925031E-15|2.22044604925031E-15,-8.65927457071963E-17,-1
stick;1;1;-5.99520433297585E-15,-9.55127903851099E-16,1;124=2%2,237=1%2,220=0%2;152.536974932417,80.4374821211488,-55.1041666666667|-5.99520433297585E-15,-9.55127903851099E-16,1|-1,1.18351169489112E-15,-5.99520433297584E-15
stick;1;1;1,0,1.66054824173863E-15;-1=-1%1,-1=-1%1,138=0%2;132.641141599083,100.645815454482,-10.2083333333334|1,0,1.66054824173863E-15|1.66054824173863E-15,-8.65927457071959E-17,-1
stick;1;1;-1,2.35111161326904E-15,4.44089209850063E-16;-1=-1%1,-1=-1%1,130=0%2;112.641141599083,90.4374821211488,-20|-1,2.35111161326904E-15,4.44089209850063E-16|-2.35111161326904E-15,-1,-5.74727287205247E-31
stick;1;1;1,-3.77475828372553E-15,2.7755575615629E-16;-1=-1%1,156=1%2,140=2%2;212.641141599083,105.437482121149,-9.99999999999995|1,-3.77475828372553E-15,2.7755575615629E-16|-2.77555756156289E-16,2.59778237121579E-16,1
stick;1;1;-1,3.44169137633799E-15,-8.08237711713546E-16;130=2%2,-1=-1%1,204=2%2;152.641141599083,90.645815454482,-20.2083333333333|-1,3.44169137633798E-15,-8.08237711713545E-16|3.44169137633798E-15,1,-1.73185491414386E-16
stick;1;1;-1,-2.25152764372625E-15,-3.77475828372553E-15;47=2%2,-1=-1%1,-1=-1%1;152.641141599083,80.4374821211488,-0.20833333333334|-1,-2.25152764372625E-15,-3.77475828372553E-15|3.77475828372553E-15,-8.65927457071882E-17,-1
stick;1;1;3.33066907387547E-16,2.77555756156287E-16,1;-1=-1%1,214=1%2,139=0%2;182.74530826575,135.437482121149,14.8958333333333|3.33066907387547E-16,2.77555756156287E-16,1|2.38697950294409E-15,-1,2.77555756156287E-16
stick;1;1;-1,-8.88178419700125E-16,-2.67118729682099E-15;202=2%2,248=1%2,47=0%2;112.641141599083,80.645815454482,-1.23456800338317E-13|-1,-8.88178419700125E-16,-2.67118729682099E-15|-2.67118729682099E-15,-8.65927457071963E-17,1
stick;1;1;-1,2.4980018054066E-15,-2.77555756156289E-16;209=2%2,158=1%2,134=2%2;152.641141599083,120.645815454482,-5.20833333333328|-1,2.4980018054066E-15,-2.77555756156289E-16|2.4980018054066E-15,1,-3.47695937507542E-34
stick;1;1;-2.55351295663786E-15,-5.5187810802935E-16,1;-1=-1%1,-1=-1%1,112=2%2;177.536974932417,90.6458154544821,-35.1041666666666|-2.55351295663786E-15,-5.5187810802935E-16,1|1.27010444059831E-15,1,5.51878108029353E-16
stick;1;1;-4.74952944913285E-15,2.77555756156289E-16,1;-1=-1%1,164=1%2,124=0%2;152.74530826575,80.6458154544821,-15.1041666666667|-4.74952944913285E-15,2.77555756156289E-16,1|1,-1.35669718630551E-15,4.74952944913285E-15
stick;1;1;1,-2.38697950294409E-15,9.04403047818956E-16;200=0%2,296=1%2,110=0%2;172.641141599083,100.437482121149,-9.99999999999998|1,-2.38697950294409E-15,9.04403047818956E-16|-9.04403047818955E-16,2.59778237121582E-16,1
stick;1;1;1,-3.6522976483433E-15,2.7755575615629E-16;-1=-1%1,147=1%2,168=0%2;212.641141599083,105.645815454482,-15.2083333333333|1,-3.6522976483433E-15,2.7755575615629E-16|2.77555756156289E-16,-2.59778237121579E-16,-1
stick;1;1;3.53307041724429E-15,9.55127903851105E-16,-1;-1=-1%1,136=1%2,163=2%2;157.536974932417,95.6458154544821,-95.1041666666666|3.53307041724429E-15,9.55127903851105E-16,-1|-1,1.18351169489112E-15,-3.53307041724429E-15
stick;1;1;-1,2.4980018054066E-15,-1.55095120774051E-16;197=0%2,152=1%2,-1=-1%1;152.641141599083,115.437482121149,-4.99999999999995|-1,2.4980018054066E-15,-1.55095120774051E-16|-2.4980018054066E-15,-1,9.55261252416069E-32
stick;1;1;-7.27196081129478E-15,-7.96799378793816E-16,1;193=2%2,-1=-1%1,115=0%2;162.536974932417,80.6458154544821,-75.1041666666666|-7.27196081129478E-15,-7.96799378793817E-16,1|1.27010444059832E-15,1,7.96799378793826E-16
stick;1;1;1,-2.27595720048157E-15,8.01585673992932E-16;-1=-1%1,281=1%2,119=0%2;212.641141599083,95.4374821211486,-9.99999999999994|1,-2.27595720048157E-15,8.01585673992932E-16|-8.01585673992932E-16,2.59778237121582E-16,1
stick;1;1;3.61966316295148E-15,1.77635683940025E-15,-1;176=2%2,137=1%2,-1=-1%1;172.74530826575,95.645815454482,-35.1041666666666|3.61966316295148E-15,1.77635683940025E-15,-1|1.27010444059831E-15,1,1.77635683940025E-15
stick;1;1;-4.80504060036411E-15,1.27675647831893E-15,1;132=2%2,217=1%2,185=2%2;102.536974932417,95.6458154544821,-40.1041666666668|-4.80504060036411E-15,1.27675647831893E-15,1|1.10357098690455E-15,1,-1.27675647831892E-15
stick;1;1;-3.53307041724429E-15,-8.88178419700125E-16,1;166=2%2,-1=-1%1,157=2%2;157.536974932417,95.4374821211488,-75.1041666666666|-3.53307041724429E-15,-8.88178419700125E-16,1|-1,1.18351169489112E-15,-3.53307041724429E-15
stick;1;1;-4.74952944913285E-15,1.55095120774051E-16,1;-1=-1%1,154=1%2,165=2%2;147.536974932417,80.4374821211488,-15.1041666666667|-4.74952944913285E-15,1.55095120774051E-16,1|-1,1.35669718630551E-15,-4.74952944913285E-15
stick;1;1;4.74952944913285E-15,-1.66533453693773E-16,-1;-1=-1%1,-1=-1%1,164=2%2;147.536974932417,80.6458154544821,-35.1041666666667|4.74952944913285E-15,-1.66533453693774E-16,-1|-1,1.35669718630551E-15,-4.74952944913285E-15
stick;1;1;-2.4980018054066E-15,-8.01585673992931E-16,1;208=0%2,-1=-1%1,163=0%2;157.74530826575,95.4374821211488,-55.1041666666666|-2.4980018054066E-15,-8.01585673992931E-16,1|-1.27010444059831E-15,-1,-8.01585673992934E-16
stick;1;1;1,-3.77475828372553E-15,2.2683090012414E-16;173=2%2,201=1%2,134=0%2;192.641141599083,120.437482121149,-4.99999999999994|1,-3.77475828372553E-15,2.2683090012414E-16|-2.26830900124139E-16,8.6592745707194E-17,1
stick;1;1;1,-4.88498130835069E-15,1.90963010449096E-16;156=2%2,169=1%2,-1=-1%1;192.641141599083,105.437482121149,-15.2083333333333|1,-4.88498130835069E-15,1.90963010449096E-16|-4.88498130835069E-15,-1,1.73185491414384E-16
stick;1;1;-1,4.88498130835069E-15,-1.90963010449096E-16;224=2%2,168=1%2,-1=-1%1;192.641141599083,110.645815454482,-15.2083333333333|-1,4.88498130835069E-15,-1.90963010449096E-16|4.88498130835069E-15,1,-1.73185491414384E-16
stick;1;1;-1,2.22044604925031E-15,-1.60982338570648E-15;-1=-1%1,-1=-1%1,100=2%2;112.641141599083,105.437482121149,-15.2083333333334|-1,2.22044604925031E-15,-1.60982338570648E-15|1.60982338570648E-15,-8.65927457071956E-17,-1
stick;1;1;-1,-2.39518443158058E-15,2.77555756156289E-16;-1=-1%1,192=1%2,131=0%2;132.641141599083,135.645815454482,9.79166666666666|-1,-2.39518443158058E-15,2.77555756156289E-16|-2.39518443158058E-15,1,-1.90963010449093E-16
stick;1;1;-1,2.25308053464213E-15,-1.55431223447522E-15;100=0%2,195=1%2,194=0%2;152.641141599083,105.645815454482,-15|-1,2.25308053464213E-15,-1.55431223447522E-15|-1.55431223447522E-15,8.65927457071958E-17,1
stick;1;1;1,-3.68816553801834E-15,-9.99200722162641E-16;-1=-1%1,175=1%2,167=0%2;212.641141599083,120.437482121149,-5.20833333333328|1,-3.68816553801834E-15,-9.99200722162641E-16|-3.68816553801834E-15,-1,1.73185491414387E-16
stick;1;1;3.6440927197068E-15,1.88737914186277E-15,-1;141=0%2,243=1%2,-1=-1%1;172.536974932417,95.4374821211488,-75.1041666666666|3.6440927197068E-15,1.88737914186277E-15,-1|-1.27010444059831E-15,-1,-1.88737914186277E-15
stick;1;1;-1,3.68816553801834E-15,9.99200722162641E-16;188=0%2,173=1%2,-1=-1%1;212.641141599083,125.645815454482,-5.20833333333328|-1,3.68816553801834E-15,9.99200722162641E-16|3.68816553801834E-15,1,-1.73185491414387E-16
stick;1;1;3.53307041724429E-15,4.44089209850063E-16,-1;-1=-1%1,184=1%2,161=0%2;172.74530826575,95.4374821211487,-55.1041666666666|3.53307041724429E-15,4.44089209850063E-16,-1|1,-1.18351169489112E-15,3.53307041724429E-15
stick;1;1;-2.63190077370856E-15,-6.66133814775094E-16,1;264=0%2,123=1%2,206=2%2;177.536974932417,95.6458154544821,-75.1041666666666|-2.63190077370856E-15,-6.66133814775094E-16,1|1.27010444059831E-15,1,6.66133814775097E-16
stick;1;1;-2.4980018054066E-15,5.30681955557257E-16,1;122=2%2,-1=-1%1,-1=-1%1;167.74530826575,85.6458154544821,-95.1041666666667|-2.4980018054066E-15,5.30681955557257E-16,1|1,-1.18351169489113E-15,2.4980018054066E-15
stick;1;1;4.7853973388079E-15,7.7715611723761E-16,-1;126=0%2,-1=-1%1,189=2%2;157.536974932417,90.4374821211488,-75.1041666666667|4.7853973388079E-15,7.7715611723761E-16,-1|-1.27010444059832E-15,-1,-7.77156117237616E-16
stick;1;1;-4.71844785465692E-15,-1.79600010095646E-15,1;215=2%2,96=1%2,181=0%2;182.74530826575,85.6458154544821,-75.1041666666666|-4.71844785465692E-15,-1.79600010095646E-15,1|1,-1.18351169489112E-15,4.71844785465691E-15
stick;1;1;-4.63185510894972E-15,-2.94209101525666E-15,1;180=2%2,186=1%2,-1=-1%1;182.74530826575,85.4374821211488,-95.1041666666666|-4.63185510894972E-15,-2.94209101525666E-15,1|-1.09691894918391E-15,-1,-2.94209101525667E-15
stick;1;1;-1,2.41140905969941E-15,-2.83106871279415E-15;199=0%2,-1=-1%1,67=0%2;132.641141599083,105.645815454482,-5.20833333333338|-1,2.41140905969941E-15,-2.83106871279415E-15|2.41140905969941E-15,1,1.39984036308089E-30
stick;1;1;-1,1.11022302462516E-16,-8.65927457071937E-17;125=2%2,267=1%2,-1=-1%1;212.641141599083,80.6458154544821,4.7916666666667|-1,1.11022302462516E-16,-8.65927457071937E-17|1.11022302462516E-16,1,-1.73185491414387E-16
stick;1;1;-3.53307041724429E-15,-4.44089209850063E-16,1;231=2%2,176=1%2,233=2%2;167.536974932417,95.4374821211487,-55.1041666666666|-3.53307041724429E-15,-4.44089209850063E-16,1|-1,1.18351169489112E-15,-3.53307041724429E-15
stick;1;1;4.88498130835069E-15,-1.27675647831893E-15,-1;-1=-1%1,212=1%2,162=2%2;102.74530826575,95.645815454482,-60.1041666666668|4.88498130835069E-15,-1.27675647831893E-15,-1|1.10357098690455E-15,1,-1.27675647831893E-15
stick;1;1;4.63185510894972E-15,2.94209101525666E-15,-1;-1=-1%1,181=1%2,190=2%2;182.74530826575,90.6458154544822,-95.1041666666665|4.63185510894972E-15,2.94209101525666E-15,-1|1.09691894918391E-15,1,2.94209101525667E-15
stick;1;1;-1,-3.77475828372553E-15,1.47437152648864E-15;106=2%2,-1=-1%1,205=2%2;192.641141599083,135.437482121149,-5.00000000000008|-1,-3.77475828372553E-15,1.47437152648864E-15|3.77475828372553E-15,-1,3.64148501863478E-16
stick;1;1;1,-3.60822483003176E-15,-9.99200722162641E-16;175=0%2,203=1%2,191=0%2;192.641141599083,125.437482121149,-5.20833333333326|1,-3.60822483003176E-15,-9.99200722162641E-16|-3.60822483003176E-15,-1,1.73185491414387E-16
stick;1;1;-4.66293670342566E-15,-7.77156117237606E-16,1;270=2%2,-1=-1%1,179=2%2;157.74530826575,90.4374821211488,-55.1041666666667|-4.66293670342566E-15,-7.77156117237607E-16,1|-1.27010444059831E-15,-1,-7.77156117237613E-16
stick;1;1;-4.66293670342566E-15,-2.94209101525666E-15,1;230=2%2,-1=-1%1,186=2%2;182.536974932417,90.6458154544821,-75.1041666666665|-4.66293670342566E-15,-2.94209101525666E-15,1|1.09691894918391E-15,1,2.94209101525667E-15
stick;1;1;1,-3.69481757573895E-15,2.77555756156289E-16;188=2%2,-1=-1%1,262=0%2;172.641141599083,125.437482121149,-4.99999999999992|1,-3.69481757573895E-15,2.77555756156289E-16|-2.77555756156289E-16,8.65927457071945E-17,1
stick;1;1;-1,-2.39518443158058E-15,4.00016391538527E-16;-1=-1%1,171=1%2,-1=-1%1;132.641141599083,130.437482121149,9.99999999999999|-1,-2.39518443158058E-15,4.00016391538527E-16|2.39518443158058E-15,-1,1.90963010449093E-16
stick;1;1;-1.27010444059831E-15,-1,-1.94289029309402E-15;213=2%2,-1=-1%1,159=0%2;162.74530826575,70.5416487878155,-65|-1.27010444059831E-15,-1,-1.94289029309402E-15|1,-1.27010444059832E-15,7.27196081129478E-15
stick;1;1;-1,9.43689570931383E-16,-1.46771948876803E-15;172=2%2,-1=-1%1,-1=-1%1;172.641141599083,105.437482121149,-15|-1,9.43689570931383E-16,-1.46771948876803E-15|-9.43689570931383E-16,-1,1.73185491414388E-16
stick;1;1;-1,2.13061989925989E-15,-1.55431223447522E-15;-1=-1%1,172=1%2,-1=-1%1;152.641141599083,105.437482121149,-20.2083333333333|-1,2.13061989925989E-15,-1.55431223447522E-15|1.55431223447522E-15,-8.65927457071956E-17,-1
stick;1;1;1,-3.44169137633798E-15,9.99200722162641E-16;-1=-1%1,-1=-1%1,111=2%2;192.641141599083,90.6458154544819,-15|1,-3.44169137633798E-15,9.99200722162641E-16|3.44169137633798E-15,1,-1.73185491414385E-16
stick;1;1;1,-2.4980018054066E-15,1.55095120774051E-16;158=0%2,-1=-1%1,272=2%2;132.641141599083,115.645815454482,-4.99999999999995|1,-2.4980018054066E-15,1.55095120774051E-16|2.4980018054066E-15,1,-9.86076131526265E-32
stick;1;1;-1,2.22044604925031E-15,-7.21644966006352E-16;-1=-1%1,-1=-1%1,85=2%2;112.641141599083,90.6458154544821,-15|-1,2.22044604925031E-15,-7.21644966006352E-16|-7.21644966006352E-16,8.65927457071947E-17,1
stick;1;1;1,-2.38697950294409E-15,2.83106871279415E-15;182=0%2,-1=-1%1,-1=-1%1;112.641141599083,105.437482121149,-5.20833333333344|1,-2.38697950294409E-15,2.83106871279415E-15|-2.38697950294409E-15,-1,-1.97215226305253E-30
stick;1;1;-1,2.38697950294409E-15,-1.0547118733939E-15;155=0%2,-1=-1%1,259=0%2;192.641141599083,100.437482121149,-10.2083333333333|-1,2.38697950294409E-15,-1.0547118733939E-15|1.0547118733939E-15,-2.59778237121582E-16,-1
stick;1;1;1,-3.6522976483433E-15,2.2683090012414E-16;219=0%2,167=1%2,207=0%2;192.641141599083,120.645815454482,-10.2083333333333|1,-3.6522976483433E-15,2.2683090012414E-16|2.2683090012414E-16,-8.6592745707194E-17,-1
stick;1;1;-1,-9.74771165407319E-16,-3.88578058618805E-15;-1=-1%1,284=1%2,151=0%2;92.6411415990833,80.645815454482,-0.208333333333523|-1,-9.74771165407319E-16,-3.88578058618805E-15|-9.74771165407319E-16,1,1.73185491414387E-16
stick;1;1;1,-3.60822483003176E-15,-8.76740086780403E-16;-1=-1%1,188=1%2,241=0%2;192.641141599083,130.645815454482,-4.99999999999993|1,-3.60822483003176E-15,-8.76740086780403E-16|3.60822483003176E-15,1,-1.73185491414387E-16
stick;1;1;1,-3.44169137633798E-15,8.32667268468867E-16;228=2%2,-1=-1%1,148=2%2;172.641141599083,90.645815454482,-20|1,-3.44169137633799E-15,8.32667268468868E-16|3.44169137633799E-15,1,-1.73185491414386E-16
stick;1;1;1,3.77475828372553E-15,-1.4432899320127E-15;-1=-1%1,210=1%2,187=2%2;212.641141599083,135.437482121149,-5.20833333333345|1,3.77475828372553E-15,-1.4432899320127E-15|3.77475828372553E-15,-1,3.64148501863478E-16
stick;1;1;2.66453525910038E-15,6.66133814775094E-16,-1;-1=-1%1,216=1%2,177=2%2;177.74530826575,95.6458154544821,-95.1041666666666|2.66453525910038E-15,6.66133814775094E-16,-1|1.27010444059831E-15,1,6.66133814775097E-16
stick;1;1;1,-4.88498130835069E-15,1.40238154416946E-16;201=2%2,275=1%2,246=0%2;172.641141599083,120.437482121149,-10.2083333333333|1,-4.88498130835069E-15,1.40238154416946E-16|-4.88498130835069E-15,-1,-5.05364017407211E-31
stick;1;1;-1.35669718630551E-15,-1,1.77635683940025E-15;166=0%2,-1=-1%1,232=0%2;157.536974932417,105.541648787815,-45|-1.35669718630551E-15,-1,1.77635683940025E-15|-2.58459455111379E-15,1.77635683940025E-15,1
stick;1;1;-1,1.27675647831893E-15,-1.90963010449096E-16;279=0%2,-1=-1%1,152=0%2;132.641141599083,120.437482121149,-5.20833333333328|-1,1.27675647831893E-15,-1.90963010449096E-16|1.90963010449096E-16,8.65927457071929E-17,-1
stick;1;1;-1,-3.77475828372553E-15,1.4432899320127E-15;223=0%2,205=1%2,-1=-1%1;212.641141599083,140.645815454482,-5.20833333333345|-1,-3.77475828372553E-15,1.4432899320127E-15|-3.77475828372553E-15,1,-3.64148501863478E-16
stick;1;1;1,-1.27675647831893E-15,1.55431223447522E-15;65=0%2,-1=-1%1,-1=-1%1;152.641141599083,110.437482121149,-5.20833333333334|1,-1.27675647831893E-15,1.55431223447522E-15|-1.27675647831893E-15,-1,1.73185491414387E-16
stick;1;1;4.76252067296845E-15,-1.27675647831893E-15,-1;-1=-1%1,185=1%2,-1=-1%1;102.536974932417,90.4374821211487,-60.1041666666667|4.76252067296845E-15,-1.27675647831893E-15,-1|-1.10357098690455E-15,-1,1.27675647831893E-15
stick;1;1;-1,2.4980018054066E-15,-7.27196081129478E-15;253=2%2,-1=-1%1,193=0%2;152.641141599083,60.4374821211488,-65.2083333333334|-1,2.4980018054066E-15,-7.27196081129478E-15|7.27196081129478E-15,1.94289029309402E-15,-1
stick;1;1;-3.33066907387547E-16,-2.77555756156287E-16,-1;-1=-1%1,150=1%2,291=2%2;182.74530826575,140.645815454482,14.8958333333333|-3.33066907387547E-16,-2.77555756156287E-16,-1|-2.38697950294409E-15,1,-2.77555756156287E-16
stick;1;1;-5.93969318174459E-15,-1.88259284666365E-15,1;236=2%2,-1=-1%1,180=0%2;182.536974932417,85.6458154544821,-55.1041666666666|-5.93969318174459E-15,-1.88259284666365E-15,1|1.27010444059831E-15,1,1.88259284666366E-15
stick;1;1;2.54207462371814E-15,6.66133814775094E-16,-1;-1=-1%1,206=1%2,-1=-1%1;177.536974932417,90.4374821211487,-95.1041666666666|2.54207462371814E-15,6.66133814775094E-16,-1|-1.27010444059831E-15,-1,-6.66133814775097E-16
stick;1;1;-4.68257996498187E-15,1.27675647831893E-15,1;-1=-1%1,162=1%2,-1=-1%1;102.74530826575,90.4374821211487,-40.1041666666668|-4.68257996498187E-15,1.27675647831893E-15,1|-1.10357098690455E-15,-1,1.27675647831892E-15
stick;1;1;-1,1.07435513495011E-15,-2.22044604925031E-15;143=0%2,268=1%2,222=2%2;152.641141599083,95.645815454482,-15|-1,1.07435513495011E-15,-2.22044604925031E-15|-2.22044604925031E-15,8.65927457071962E-17,1
stick;1;1;-1,3.6522976483433E-15,-2.22044604925031E-16;201=0%2,225=1%2,-1=-1%1;212.641141599083,120.645815454482,-9.99999999999993|-1,3.6522976483433E-15,-2.22044604925031E-16|-2.22044604925031E-16,8.65927457071941E-17,1
stick;1;1;-6.08179707868304E-15,2.77555756156289E-16,1;144=2%2,287=1%2,265=2%2;152.536974932417,80.6458154544821,-75.1041666666667|-6.08179707868304E-15,2.77555756156289E-16,1|1.09691894918393E-15,1,-2.77555756156282E-16
stick;1;1;1,2.55351295663786E-15,-1.38777878078145E-15;249=2%2,106=1%2,240=0%2;172.641141599083,135.645815454482,-10.2083333333334|1,2.55351295663786E-15,-1.38777878078145E-15|-1.38777878078144E-15,-2.7755575615629E-16,-1
stick;1;1;1,-1.11022302462516E-15,2.22044604925031E-15;235=2%2,-1=-1%1,218=2%2;172.641141599083,95.4374821211487,-14.9999999999999|1,-1.11022302462516E-15,2.22044604925031E-15|-2.22044604925031E-15,8.65927457071962E-17,1
stick;1;1;1,3.83026943495679E-15,-1.4432899320127E-15;210=0%2,292=1%2,-1=-1%1;192.641141599083,140.437482121149,-5.20833333333342|1,3.83026943495679E-15,-1.4432899320127E-15|3.83026943495679E-15,-1,3.64148501863478E-16
stick;1;1;-1,3.5527136788005E-15,-1.04370264741903E-16;252=2%2,-1=-1%1,169=0%2;172.641141599083,110.437482121149,-15.2083333333333|-1,3.5527136788005E-15,-1.04370264741903E-16|1.04370264741902E-16,-8.65927457071914E-17,-1
stick;1;1;-1,3.52983701296106E-15,-2.22044604925031E-16;226=2%2,219=1%2,-1=-1%1;212.641141599083,120.437482121149,-15.2083333333333|-1,3.52983701296106E-15,-2.22044604925031E-16|2.22044604925031E-16,-8.65927457071943E-17,-1
stick;1;1;-1,3.61642975866825E-15,1.11022302462516E-15;256=2%2,297=1%2,225=0%2;192.641141599083,120.437482121149,-14.9999999999999|-1,3.61642975866825E-15,1.11022302462516E-15|-3.61642975866825E-15,-1,-2.78904447747368E-31
stick;1;1;-5.99520433297585E-15,-1.14130461910109E-15,1;107=2%2,-1=-1%1,-1=-1%1;152.536974932417,85.4374821211488,-75.1041666666667|-5.99520433297585E-15,-1.14130461910109E-15,1|-1,1.18351169489112E-15,-5.99520433297584E-15
stick;1;1;1,-4.6074255521944E-15,7.46074522761675E-16;247=2%2,234=1%2,204=0%2;192.641141599083,90.4374821211485,-20|1,-4.6074255521944E-15,7.46074522761675E-16|-7.46074522761674E-16,2.59778237121582E-16,1
stick;1;1;-1,-9.51894499567875E-16,-1.06042026587955E-32;-1=-1%1,125=1%2,-1=-1%1;192.641141599083,80.6458154544821,10|-1,-9.51894499567875E-16,-1.06042026587955E-32|-9.3031360999953E-32,8.65927457071938E-17,1
stick;1;1;-4.57634395771847E-15,-4.10782519111308E-15,1;242=0%2,-1=-1%1,190=0%2;182.536974932417,90.4374821211487,-55.1041666666665|-4.57634395771847E-15,-4.10782519111308E-15,1|-1,1.18351169489112E-15,-4.57634395771846E-15
stick;1;1;-2.38697950294409E-15,-3.5749646414287E-16,1;-1=-1%1,244=1%2,184=0%2;167.74530826575,95.4374821211487,-35.1041666666666|-2.38697950294409E-15,-3.5749646414287E-16,1|-1.27010444059832E-15,-1,-3.57496464142873E-16
stick;1;1;-2.22044604925031E-16,-1,1.86294958510745E-15;208=2%2,-1=-1%1,-1=-1%1;157.74530826575,125.541648787815,-45|-2.22044604925031E-16,-1,1.86294958510745E-15|1,-2.22044604925026E-16,2.67118729682099E-15
stick;1;1;3.53307041724429E-15,4.44089209850063E-16,-1;-1=-1%1,-1=-1%1,184=2%2;167.536974932417,95.6458154544821,-75.1041666666666|3.53307041724429E-15,4.44089209850063E-16,-1|-1,1.18351169489112E-15,-3.53307041724429E-15
stick;1;1;-1,4.6074255521944E-15,-7.46074522761675E-16;-1=-1%1,228=1%2,282=0%2;192.641141599083,90.4374821211486,-25.2083333333333|-1,4.6074255521944E-15,-7.46074522761675E-16|7.46074522761674E-16,-2.59778237121582E-16,-1
stick;1;1;8.88178419700125E-16,-8.65927457071948E-17,-1;238=0%2,-1=-1%1,222=0%2;182.74530826575,95.645815454482,-25.1041666666666|8.88178419700125E-16,-8.65927457071948E-17,-1|1.11022302462516E-15,1,-8.65927457071938E-17
stick;1;1;-1.2701044405983E-15,-1,-2.99760216648792E-15;257=2%2,-1=-1%1,215=0%2;182.74530826575,75.5416487878154,-44.9999999999999|-1.2701044405983E-15,-1,-2.99760216648792E-15|1,-1.27010444059832E-15,5.93969318174459E-15
stick;1;1;-5.99520433297585E-15,-8.32667268468862E-16,1;-1=-1%1,144=1%2,-1=-1%1;157.74530826575,80.6458154544821,-55.1041666666667|-5.99520433297585E-15,-8.32667268468862E-16,1|1,-1.18351169489112E-15,5.99520433297584E-15
stick;1;1;1.02363027891797E-15,1,-2.60902410786912E-15;235=0%2,-1=-1%1,245=2%2;182.536974932417,85.5416487878153,-35.2083333333332|1.02363027891797E-15,1,-2.60902410786912E-15|8.01585673992929E-16,-2.60902410786912E-15,-1
stick;1;1;-1,0,1.40742204233766E-15;-1=-1%1,128=1%2,254=2%2;152.641141599083,140.437482121149,-10.2083333333334|-1,0,1.40742204233766E-15|-1.40742204233766E-15,-2.7755575615629E-16,-1
stick;1;1;1,1.27675647831893E-15,-1.47437152648864E-15;221=2%2,-1=-1%1,258=2%2;152.641141599083,135.437482121149,-10.2083333333334|1,1.27675647831893E-15,-1.47437152648864E-15|1.27675647831893E-15,-1,1.90963010449095E-16
stick;1;1;1,-3.52163208432457E-15,-2.22044604925031E-15;203=2%2,-1=-1%1,-1=-1%1;172.641141599083,130.645815454482,-5.20833333333323|1,-3.52163208432457E-15,-2.22044604925031E-15|-2.22044604925031E-15,-8.65927457071858E-17,-1
stick;1;1;-1,1.2701044405983E-15,-2.16493489801906E-15;230=0%2,-1=-1%1,261=2%2;192.641141599083,90.645815454482,-44.9999999999999|-1,1.2701044405983E-15,-2.16493489801906E-15|-2.16493489801906E-15,-4.02123244540589E-15,1
stick;1;1;-3.6440927197068E-15,-1.88737914186277E-15,1;-1=-1%1,174=1%2,-1=-1%1;172.536974932417,100.645815454482,-75.1041666666666|-3.6440927197068E-15,-1.88737914186277E-15,1|1.27010444059831E-15,1,1.88737914186277E-15
stick;1;1;2.38697950294409E-15,3.5749646414287E-16,-1;274=0%2,231=1%2,-1=-1%1;167.74530826575,100.645815454482,-35.1041666666666|2.38697950294409E-15,3.5749646414287E-16,-1|1.27010444059832E-15,1,3.57496464142873E-16
stick;1;1;-1.11022302462516E-15,-1,2.60902410786912E-15;285=0%2,276=1%2,238=2%2;182.74530826575,65.5416487878153,-35.2083333333332|-1.11022302462516E-15,-1,2.60902410786912E-15|8.01585673992929E-16,-2.60902410786912E-15,-1
stick;1;1;1,-4.97157405405788E-15,1.38777878078145E-15;207=2%2,-1=-1%1,-1=-1%1;152.641141599083,120.437482121149,-9.99999999999996|1,-4.97157405405788E-15,1.38777878078145E-15|-1.38777878078145E-15,-8.65927457071874E-17,1
stick;1;1;1,-4.52083280648721E-15,-3.33066907387547E-16;-1=-1%1,280=1%2,228=0%2;212.641141599083,90.4374821211484,-20.2083333333333|1,-4.52083280648721E-15,-3.33066907387547E-16|-4.52083280648721E-15,-1,3.46370982828773E-16
stick;1;1;-1,-1.01063905508236E-15,-2.67118729682099E-15;293=2%2,151=1%2,269=2%2;112.641141599083,80.4374821211487,-5.20833333333346|-1,-1.01063905508236E-15,-2.67118729682099E-15|2.67118729682099E-15,8.65927457071965E-17,-1
stick;1;1;1,2.46692021093067E-15,-1.66533453693773E-16;301=2%2,260=1%2,221=0%2;192.641141599083,135.645815454482,-10.0000000000001|1,2.46692021093067E-15,-1.66533453693774E-16|-2.46692021093067E-15,1,-3.6414850186348E-16
stick;1;1;-1,-1.11022302462516E-15,-1.11022302462516E-15;-1=-1%1,-1=-1%1,135=2%2;152.641141599083,70.4374821211488,-4.44089209850063E-16|-1,-1.11022302462516E-15,-1.11022302462516E-15|1.11022302462516E-15,-1,1.73185491414387E-16
stick;1;1;-3.57235694035671E-15,4.44089209850062E-16,1;255=0%2,122=1%2,263=2%2;167.74530826575,80.4374821211487,-75.1041666666666|-3.57235694035671E-15,4.44089209850062E-16,1|-1.27010444059832E-15,-1,4.44089209850058E-16
stick;1;1;-1,3.63930642450769E-15,9.99200722162641E-16;-1=-1%1,-1=-1%1,224=0%2;152.641141599083,110.437482121149,-14.9999999999999|-1,3.6393064245077E-15,9.99200722162641E-16|-3.6393064245077E-15,-1,-2.61479145150059E-30
stick;1;1;-5.93969318174459E-15,-1.94289029309401E-15,1;-1=-1%1,-1=-1%1,213=0%2;142.536974932417,60.6458154544822,-55.1041666666668|-5.93969318174459E-15,-1.94289029309402E-15,1|2.4980018054066E-15,1,1.94289029309403E-15
stick;1;1;1,0,-1.40742204233766E-15;266=0%2,-1=-1%1,239=2%2;172.641141599083,140.645815454482,-10.2083333333334|1,0,-1.40742204233766E-15|-1.40742204233766E-15,-2.7755575615629E-16,-1
stick;1;1;3.57235694035671E-15,-4.44089209850063E-16,-1;251=0%2,277=1%2,289=2%2;167.74530826575,80.6458154544821,-55.1041666666667|3.57235694035671E-15,-4.44089209850063E-16,-1|1.27010444059832E-15,1,-4.44089209850058E-16
stick;1;1;-1,4.88498130835069E-15,1.02363027891796E-15;299=2%2,304=1%2,226=0%2;172.641141599083,120.645815454482,-14.9999999999999|-1,4.88498130835069E-15,1.02363027891796E-15|1.02363027891796E-15,-8.65927457071974E-17,1
stick;1;1;-2.4980018054066E-15,-1,-3.08419491219513E-15;-1=-1%1,-1=-1%1,236=0%2;182.536974932417,55.5416487878154,-45|-2.4980018054066E-15,-1,-3.08419491219513E-15|-5.8531004360374E-15,-3.08419491219511E-15,1
stick;1;1;-1,-1.27675647831893E-15,1.4432899320127E-15;-1=-1%1,-1=-1%1,240=2%2;132.641141599083,135.437482121149,-10|-1,-1.27675647831893E-15,1.4432899320127E-15|1.27675647831893E-15,-1,1.90963010449095E-16
stick;1;1;-1,3.60822483003176E-15,-1.14130461910109E-15;200=2%2,-1=-1%1,-1=-1%1;212.641141599083,100.645815454482,-10.2083333333333|-1,3.60822483003176E-15,-1.14130461910109E-15|3.60822483003176E-15,1,-3.46370982828771E-16
stick;1;1;1,2.46692021093067E-15,-2.88994089076011E-16;306=0%2,249=1%2,-1=-1%1;192.641141599083,130.437482121149,-10.2083333333334|1,2.46692021093067E-15,-2.88994089076011E-16|2.46692021093067E-15,-1,3.6414850186348E-16
stick;1;1;1,-1.27675647831893E-15,2.16493489801905E-15;-1=-1%1,286=1%2,242=2%2;212.641141599083,90.4374821211486,-44.9999999999998|1,-1.27675647831893E-15,2.16493489801905E-15|-2.16493489801906E-15,-4.02123244540589E-15,1
stick;1;1;1,-2.4980018054066E-15,3.64148501863483E-16;191=2%2,-1=-1%1,288=2%2;152.641141599083,125.645815454482,-4.99999999999993|1,-2.4980018054066E-15,3.64148501863483E-16|2.4980018054066E-15,1,-4.93038065763132E-31
stick;1;1;3.5527136788005E-15,-4.44089209850062E-16,-1;-1=-1%1,-1=-1%1,251=2%2;167.536974932417,80.4374821211487,-95.1041666666666|3.5527136788005E-15,-4.44089209850062E-16,-1|-1.27010444059832E-15,-1,4.44089209850058E-16
stick;1;1;2.63190077370856E-15,6.66133814775094E-16,-1;177=0%2,271=1%2,298=0%2;177.536974932417,95.4374821211487,-55.1041666666666|2.63190077370856E-15,6.66133814775094E-16,-1|-1.27010444059831E-15,-1,-6.66133814775097E-16
stick;1;1;6.16173778666962E-15,-2.77555756156292E-16,-1;-1=-1%1,273=1%2,220=2%2;152.74530826575,80.6458154544821,-95.1041666666667|6.16173778666962E-15,-2.77555756156293E-16,-1|1.09691894918394E-15,1,-2.77555756156286E-16
stick;1;1;-1,1.72563323017096E-31,1.49880108324396E-15;254=0%2,-1=-1%1,-1=-1%1;192.641141599083,140.645815454482,-10.0000000000001|-1,1.72563323017096E-31,1.49880108324396E-15|1.49880108324396E-15,2.7755575615629E-16,1
stick;1;1;1,-1.11022302462516E-16,8.65927457071937E-17;-1=-1%1,183=1%2,-1=-1%1;212.641141599083,75.4374821211488,4.7916666666667|1,-1.11022302462516E-16,8.65927457071937E-17|-1.11022302462516E-16,-1,1.73185491414387E-16
stick;1;1;1,-1.07435513495011E-15,2.22044604925031E-15;-1=-1%1,218=1%2,-1=-1%1;152.641141599083,95.645815454482,-20.2083333333333|1,-1.07435513495011E-15,2.22044604925031E-15|2.22044604925031E-15,-8.65927457071963E-17,-1
stick;1;1;1,8.88178419700125E-16,2.67118729682099E-15;-1=-1%1,-1=-1%1,248=2%2;132.641141599083,80.645815454482,-5.2083333333334|1,8.88178419700125E-16,2.67118729682099E-15|2.67118729682099E-15,8.65927457071965E-17,-1
stick;1;1;-4.74952944913285E-15,3.33066907387547E-16,1;-1=-1%1,-1=-1%1,189=0%2;157.74530826575,90.6458154544821,-35.1041666666667|-4.74952944913285E-15,3.33066907387547E-16,1|1,-1.35669718630551E-15,4.74952944913285E-15
stick;1;1;2.7543614090908E-15,6.66133814775094E-16,-1;-1=-1%1,264=1%2,-1=-1%1;177.74530826575,100.645815454482,-55.1041666666666|2.7543614090908E-15,6.66133814775094E-16,-1|1.27010444059831E-15,1,6.66133814775097E-16
stick;1;1;-1,2.4980018054066E-15,-1.66533453693773E-16;-1=-1%1,283=1%2,197=2%2;112.641141599083,115.645815454482,-5.20833333333328|-1,2.4980018054066E-15,-1.66533453693774E-16|2.4980018054066E-15,1,-1.88756030449997E-31
stick;1;1;6.03927715128738E-15,-2.77555756156292E-16,-1;-1=-1%1,265=1%2,-1=-1%1;152.536974932417,75.4374821211488,-95.1041666666667|6.03927715128738E-15,-2.77555756156292E-16,-1|-1.09691894918394E-15,-1,2.77555756156286E-16
stick;1;1;-2.38697950294409E-15,-2.77555756156289E-16,1;244=0%2,-1=-1%1,-1=-1%1;167.74530826575,100.437482121149,-55.1041666666666|-2.38697950294409E-15,-2.77555756156289E-16,1|-1.27010444059832E-15,-1,-2.77555756156292E-16
stick;1;1;1,-4.88498130835069E-15,2.62698789799184E-16;278=0%2,207=1%2,-1=-1%1;172.641141599083,125.645815454482,-9.99999999999994|1,-4.88498130835069E-15,2.62698789799184E-16|4.88498130835069E-15,1,5.08887252375311E-31
stick;1;1;1.11022302462516E-15,1,-2.60902410786912E-15;-1=-1%1,245=1%2,-1=-1%1;182.74530826575,65.5416487878153,-29.9999999999998|1.11022302462516E-15,1,-2.60902410786912E-15|-8.01585673992929E-16,2.60902410786912E-15,1
stick;1;1;-3.57235694035671E-15,4.44089209850063E-16,1;-1=-1%1,255=1%2,-1=-1%1;167.74530826575,75.4374821211488,-55.1041666666667|-3.57235694035671E-15,4.44089209850063E-16,1|-1.27010444059832E-15,-1,4.44089209850058E-16
stick;1;1;-1,4.88498130835069E-15,-2.62698789799184E-16;275=0%2,-1=-1%1,-1=-1%1;192.641141599083,125.437482121149,-9.99999999999994|-1,4.88498130835069E-15,-2.62698789799184E-16|-4.88498130835069E-15,-1,-4.93038065763132E-31
stick;1;1;-2.33146835171283E-15,1.7318549141439E-16,-1;209=0%2,-1=-1%1,-1=-1%1;122.536974932417,120.645815454482,4.89583333333338|-2.33146835171283E-15,1.7318549141439E-16,-1|-1,1.36334922402612E-15,2.33146835171283E-15
stick;1;1;-1,4.52083280648721E-15,3.33066907387547E-16;-1=-1%1,247=1%2,-1=-1%1;212.641141599083,95.6458154544818,-20.2083333333333|-1,4.52083280648721E-15,3.33066907387547E-16|4.52083280648721E-15,1,-3.46370982828772E-16
stick;1;1;-1,2.27595720048157E-15,-8.01585673992932E-16;-1=-1%1,160=1%2,-1=-1%1;212.641141599083,95.4374821211486,-15.2083333333333|-1,2.27595720048157E-15,-8.01585673992932E-16|8.01585673992932E-16,-2.59778237121582E-16,-1
stick;1;1;-1,5.82867087928207E-15,-8.32667268468869E-16;234=2%2,-1=-1%1,-1=-1%1;212.641141599083,90.6458154544818,-25.2083333333333|-1,5.82867087928207E-15,-8.32667268468869E-16|5.82867087928207E-15,1,-3.46370982828771E-16
stick;1;1;-1,2.4980018054066E-15,-4.40728183115358E-17;-1=-1%1,272=1%2,-1=-1%1;112.641141599083,110.437482121149,-4.99999999999995|-1,2.4980018054066E-15,-4.40728183115358E-17|-2.4980018054066E-15,-1,1.75644810928116E-31
stick;1;1;1,9.74771165407319E-16,3.88578058618805E-15;-1=-1%1,202=1%2,-1=-1%1;92.6411415990833,75.4374821211487,-0.208333333333524|1,9.74771165407319E-16,3.88578058618805E-15|9.74771165407319E-16,-1,-1.73185491414387E-16
stick;1;1;1.11022302462516E-15,1,-2.72004641033163E-15;245=0%2,-1=-1%1,290=2%2;182.74530826575,45.5416487878153,-34.9999999999998|1.11022302462516E-15,1,-2.72004641033163E-15|-8.0158567399293E-16,2.72004641033163E-15,1
stick;1;1;-1,1.27675647831893E-15,-2.16493489801905E-15;-1=-1%1,261=1%2,-1=-1%1;212.641141599083,90.4374821211486,-50.2083333333331|-1,1.27675647831893E-15,-2.16493489801905E-15|2.16493489801906E-15,4.02123244540589E-15,-1
stick;1;1;-5.9593364433008E-15,2.77555756156289E-16,1;302=0%2,220=1%2,-1=-1%1;152.74530826575,75.4374821211488,-75.1041666666667|-5.9593364433008E-15,2.77555756156289E-16,1|-1.09691894918393E-15,-1,2.77555756156282E-16
stick;1;1;-1,2.4980018054066E-15,-2.77555756156289E-16;-1=-1%1,-1=-1%1,262=2%2;132.641141599083,125.645815454482,-5.20833333333326|-1,2.4980018054066E-15,-2.77555756156289E-16|2.4980018054066E-15,1,-6.64875704502618E-31
stick;1;1;-3.5527136788005E-15,4.44089209850065E-16,1;-1=-1%1,-1=-1%1,255=2%2;167.536974932417,80.6458154544821,-35.1041666666667|-3.5527136788005E-15,4.44089209850065E-16,1|1.27010444059832E-15,1,-4.4408920985006E-16
stick;1;1;-1.16573417585641E-15,-1,2.72004641033163E-15;-1=-1%1,294=1%2,285=2%2;182.536974932417,25.5416487878153,-34.9999999999997|-1.16573417585641E-15,-1,2.72004641033163E-15|-8.0158567399293E-16,2.72004641033163E-15,1
stick;1;1;2.77555756156289E-16,2.77555756156288E-16,1;295=0%2,-1=-1%1,214=2%2;182.536974932417,140.645815454482,34.8958333333333|2.77555756156289E-16,2.77555756156288E-16,1|-2.38697950294409E-15,1,-2.77555756156287E-16
stick;1;1;-1,-3.83026943495679E-15,1.4432899320127E-15;305=0%2,223=1%2,-1=-1%1;192.641141599083,145.645815454482,-5.20833333333342|-1,-3.83026943495679E-15,1.4432899320127E-15|-3.83026943495679E-15,1,-3.64148501863478E-16
stick;1;1;-1,-9.24046309375169E-16,-1.4432899320127E-15;-1=-1%1,-1=-1%1,248=0%2;92.6411415990833,80.4374821211487,-5.00000000000017|-1,-9.2404630937517E-16,-1.4432899320127E-15|9.2404630937517E-16,-1,-1.73185491414387E-16
stick;1;1;-1.04327354047418E-15,-1,2.72004641033163E-15;-1=-1%1,290=1%2,-1=-1%1;182.74530826575,25.5416487878153,-40.208333333333|-1.04327354047418E-15,-1,2.72004641033163E-15|8.0158567399293E-16,-2.72004641033163E-15,-1
stick;1;1;-2.77555756156289E-16,-2.77555756156289E-16,-1;291=0%2,-1=-1%1,-1=-1%1;182.536974932417,140.437482121149,54.8958333333333|-2.77555756156289E-16,-2.77555756156289E-16,-1|2.38697950294409E-15,-1,2.77555756156288E-16
stick;1;1;1,-2.26451886756185E-15,9.04403047818956E-16;300=0%2,155=1%2,-1=-1%1;172.641141599083,100.645815454482,-15.2083333333333|1,-2.26451886756185E-15,9.04403047818956E-16|9.04403047818955E-16,-2.59778237121582E-16,-1
stick;1;1;1,-3.61642975866825E-15,-1.11022302462516E-15;-1=-1%1,226=1%2,-1=-1%1;192.641141599083,125.645815454482,-14.9999999999999|1,-3.61642975866825E-15,-1.11022302462516E-15|3.61642975866825E-15,1,3.23691393702475E-31
stick;1;1;3.99680288865056E-15,5.79541069067897E-16,-1;264=2%2,-1=-1%1,-1=-1%1;177.74530826575,95.4374821211487,-35.1041666666666|3.99680288865056E-15,5.79541069067897E-16,-1|1,-1.35669718630551E-15,3.99680288865056E-15
stick;1;1;-1,4.79838856264349E-15,-1.66533453693773E-16;-1=-1%1,-1=-1%1,256=0%2;152.641141599083,120.645815454482,-15.2083333333332|-1,4.79838856264349E-15,-1.66533453693774E-16|4.79838856264349E-15,1,1.73185491414386E-16
stick;1;1;-1,2.26451886756185E-15,-9.43689570931383E-16;296=0%2,-1=-1%1,-1=-1%1;192.641141599083,100.645815454482,-15|-1,2.26451886756185E-15,-9.43689570931383E-16|-9.43689570931382E-16,2.59778237121582E-16,1
stick;1;1;1,1.38777878078145E-15,-2.53126199400967E-16;-1=-1%1,-1=-1%1,249=0%2;212.641141599083,135.437482121149,-10.0000000000001|1,1.38777878078145E-15,-2.53126199400967E-16|2.53126199400966E-16,4.50741247570674E-16,1
stick;1;1;5.9593364433008E-15,-2.77555756156289E-16,-1;287=0%2,-1=-1%1,-1=-1%1;152.74530826575,75.6458154544821,-55.1041666666667|5.9593364433008E-15,-2.77555756156289E-16,-1|1.09691894918393E-15,1,-2.77555756156283E-16
stick;1;1;-1,-1.11022302462516E-15,-1.27675647831893E-15;-1=-1%1,-1=-1%1,121=2%2;152.641141599083,75.6458154544821,-0.208333333333337|-1,-1.11022302462516E-15,-1.27675647831893E-15|-1.11022302462516E-15,1,-1.73185491414387E-16
stick;1;1;-1,4.76252067296845E-15,1.02363027891796E-15;-1=-1%1,256=1%2,-1=-1%1;172.641141599083,120.437482121149,-20.2083333333332|-1,4.76252067296845E-15,1.02363027891796E-15|-1.02363027891796E-15,8.65927457071974E-17,-1
stick;1;1;1,3.83026943495679E-15,-1.4432899320127E-15;292=0%2,-1=-1%1,-1=-1%1;172.641141599083,145.437482121149,-5.20833333333339|1,3.83026943495679E-15,-1.4432899320127E-15|3.83026943495679E-15,-1,3.64148501863478E-16
stick;1;1;-1,-2.4980018054066E-15,2.88994089076011E-16;260=0%2,-1=-1%1,-1=-1%1;212.641141599083,130.645815454482,-10.2083333333334|-1,-2.4980018054066E-15,2.88994089076011E-16|-2.4980018054066E-15,1,-3.6414850186348E-16
