stick;1;1;1,0,0;2=0%2,1=3%2,7=2%2;61.2184240067299,95.6458154544821,0|1,0,0|0,1,0
elle;1;1;-1,0,1.22460635382238E-16;17=1%2,4=2%2,61=2%2,0=1%2;61.2184240067299,89.2916487878154,1.14583333333333|-1.22460635382238E-16,0,-1|-1,0,1.22460635382238E-16
stick;1;1;2.4980018054066E-15,1,-8.65927457071937E-17;0=0%2,3=1%2,9=2%2;71.3225906733966,85.5416487878154,-0.208333333333332|2.4980018054066E-15,1,-8.65927457071936E-17|1,-2.4980018054066E-15,-8.65927457071934E-17
elle;1;1;-1,2.4980018054066E-15,8.65927457071935E-17;5=2%2,2=1%2,13=2%2,30=3%2;66.2184240067299,81.7916487878154,1.14583333333334|-2.4980018054066E-15,-1,2.53624280160748E-17|-1,2.4980018054066E-15,8.65927457071935E-17
elle;1;1;1.49966072182214E-32,-1,1.22460635382238E-16;25=3%2,29=2%2,1=1%2,56=3%2;72.4684240067299,90.5416487878154,3.64583333333337|-1,0,1.22460635382238E-16|1.49966072182214E-32,-1,1.22460635382238E-16
elle;1;1;2.55923212309772E-15,1,-2.53624280160748E-17;8=0%2,11=2%2,3=0%2,6=3%2;64.9684240067299,85.5416487878155,16.1458333333333|-8.65927457071935E-17,-2.53624280160746E-17,-1|2.55923212309772E-15,1,-2.53624280160748E-17
elle;1;1;2.55923212309772E-15,1,-1.47823063398313E-16;-1=-1%1,-1=-1%1,151=2%2,5=3%2;72.4684240067299,85.5416487878154,13.6458333333333|8.65927457071938E-17,1.47823063398312E-16,1|2.55923212309772E-15,1,-1.47823063398313E-16
stick;1;1;0,8.65927457071935E-17,-1;10=2%2,14=1%2,0=2%2;51.1142573400633,95.4374821211488,-10.1041666666667|0,8.65927457071935E-17,-1|8.65927457071935E-17,-1,-8.65927457071935E-17
elle;1;1;2.55923212309772E-15,1,9.70982073661629E-17;5=0%2,79=3%2,46=3%2,142=3%2;52.4684240067299,85.5416487878155,23.6458333333334|8.65927457071932E-17,-9.70982073661632E-17,1|2.55923212309772E-15,1,9.70982073661629E-17
stick;1;1;1.73185491414387E-16,2.77555756156289E-16,1;54=2%2,12=1%2,2=2%2;71.1142573400632,75.4374821211488,9.89583333333334|1.73185491414387E-16,2.77555756156289E-16,1|-1,2.5845945511138E-15,1.73185491414386E-16
stick;1;1;-8.65927457071935E-17,1,1.38777878078145E-15;26=0%2,37=1%2,7=0%2;51.3225906733966,105.541648787815,-20.2083333333333|-8.65927457071935E-17,1,1.38777878078145E-15|1,8.65927457071935E-17,8.71576399210524E-33
elle;1;1;1.47823063398312E-16,2.53624280160744E-17,1;18=1%2,20=1%2,5=1%2,-1=-1%1;64.9684240067299,74.2916487878155,19.8958333333334|2.55923212309772E-15,1,-2.53624280160748E-17|1.47823063398312E-16,2.53624280160744E-17,1
elle;1;1;1,-2.58459455111379E-15,-1.73185491414386E-16;35=2%2,9=1%2,24=3%2,70=3%2;76.2184240067299,71.7916487878154,8.64583333333334|-2.58459455111379E-15,-1,2.7755575615629E-16|1,-2.58459455111379E-15,-1.73185491414386E-16
elle;1;1;-1,2.4980018054066E-15,2.09053381089431E-16;42=2%2,15=1%2,3=2%2,19=3%2;66.2184240067298,64.2916487878154,-1.35416666666666|2.4980018054066E-15,1,-2.53624280160748E-17|-1,2.4980018054066E-15,2.09053381089431E-16
elle;1;1;-8.65927457071935E-17,1,8.65927457071935E-17;82=3%2,7=1%2,74=3%2,86=3%2;47.4684240067299,100.541648787815,-8.85416666666666|-1,-8.65927457071935E-17,-7.49830360911068E-33|-8.65927457071935E-17,1,8.65927457071935E-17
elle;1;1;1,-2.4980018054066E-15,-2.09053381089431E-16;23=2%2,13=1%2,16=3%2,28=3%2;71.2184240067298,56.7916487878153,-1.35416666666666|-2.4980018054066E-15,-1,1.47823063398313E-16|1,-2.4980018054066E-15,-2.09053381089431E-16
elle;1;1;2.7028369878055E-16,1.47823063398312E-16,1;21=0%2,33=1%2,55=2%2,15=2%2;72.4684240067298,44.2916487878153,-0.104166666666663|-1,2.4980018054066E-15,2.7028369878055E-16|2.7028369878055E-16,1.47823063398312E-16,1
elle;1;1;0,-1,0;-1=-1%1,1=0%2,169=2%2,-1=-1%1;64.96842400673,80.5416487878154,6.14583333333337|1,0,-1.83690953073357E-16|0,-1,0
elle;1;1;-1,2.55923212309772E-15,1.47823063398312E-16;97=2%2,11=0%2,-1=-1%1,43=3%2;56.2184240067299,74.2916487878155,18.6458333333334|2.55923212309772E-15,1,-2.53624280160748E-17|-1,2.55923212309772E-15,1.47823063398312E-16
elle;1;1;1,-2.4980018054066E-15,-2.09053381089431E-16;27=1%2,38=1%2,-1=-1%1,13=3%2;66.2184240067299,64.2916487878154,6.14583333333334|2.4980018054066E-15,1,-2.53624280160748E-17|1,-2.4980018054066E-15,-2.09053381089431E-16
elle;1;1;-1.47823063398312E-16,-2.53624280160744E-17,-1;-2=-1%1,11=1%2,-1=-1%1,-2=-1%1;67.4684240067299,74.2916487878154,14.8958333333334|2.55923212309772E-15,1,-2.53624280160748E-17|-1.47823063398312E-16,-2.53624280160744E-17,-1
elle;1;1;-2.7028369878055E-16,-1.47823063398312E-16,-1;16=0%2,36=2%2,22=3%2,188=3%2;72.4684240067298,31.7916487878153,-0.104166666666661|-1,2.4980018054066E-15,2.7028369878055E-16|-2.7028369878055E-16,-1.47823063398312E-16,-1
elle;1;1;-2.7028369878055E-16,-1.47823063398312E-16,-1;125=0%2,71=2%2,200=2%2,21=2%2;59.9684240067298,31.7916487878153,-0.104166666666657|-2.4980018054066E-15,-1,1.47823063398313E-16|-2.7028369878055E-16,-1.47823063398312E-16,-1
elle;1;1;2.43677148771548E-15,1,-1.47823063398312E-16;39=0%2,-1=-1%1,15=0%2,-2=-1%1;72.4684240067298,60.5416487878153,-16.3541666666667|2.09053381089432E-16,1.47823063398312E-16,1|2.43677148771548E-15,1,-1.47823063398312E-16
elle;1;1;-1,2.58459455111379E-15,2.95646126796624E-16;-2=-1%1,130=3%2,-1=-1%1,12=2%2;76.2184240067299,59.2916487878154,11.1458333333333|-2.95646126796625E-16,-2.77555756156289E-16,-1|-1,2.58459455111379E-15,2.95646126796624E-16
elle;1;1;-1.22460635382238E-16,1,-1.22460635382238E-16;94=2%2,-1=-1%1,146=2%2,4=0%2;74.96842400673,90.5416487878154,-6.35416666666663|1,1.22460635382238E-16,-1.22460635382238E-16|-1.22460635382238E-16,1,-1.22460635382238E-16
stick;1;1;2.22044604925031E-16,-1,-1.38777878078145E-15;10=0%2,50=2%2,136=2%2;51.1142573400633,125.541648787815,-20.2083333333333|2.22044604925031E-16,-1,-1.38777878078145E-15|-1,-2.22044604925031E-16,9.86076131526265E-32
elle;1;1;2.09053381089431E-16,2.53624280160743E-17,1;-1=-1%1,19=0%2,32=2%2,58=3%2;67.4684240067298,56.7916487878153,14.8958333333333|-2.62046244078884E-15,-1,2.53624280160748E-17|2.09053381089431E-16,2.53624280160743E-17,1
elle;1;1;1,-2.62046244078884E-15,-2.09053381089431E-16;-2=-1%1,-1=-1%1,-1=-1%1,15=3%2;71.2184240067298,54.2916487878153,6.14583333333334|2.62046244078884E-15,1,-1.47823063398313E-16|1,-2.62046244078884E-15,-2.09053381089431E-16
elle;1;1;0,-1.22460635382238E-16,-1;31=0%2,72=1%2,4=1%2,-1=-1%1;74.96842400673,101.791648787815,4.89583333333337|1.49966072182214E-32,-1,1.22460635382238E-16|0,-1.22460635382238E-16,-1
elle;1;1;-1,2.37554117002436E-15,8.65927457071935E-17;64=2%2,-1=-1%1,-1=-1%1,3=3%2;66.2184240067299,79.2916487878154,-6.35416666666666|2.37554117002436E-15,1,-2.53624280160748E-17|-1,2.37554117002436E-15,8.65927457071935E-17
elle;1;1;-1.49966072182214E-32,1,-6.12303176911189E-17;29=0%2,59=3%2,57=3%2,34=3%2;62.46842400673,105.541648787815,8.64583333333341|9.18247024260621E-49,6.12303176911189E-17,1|-1.49966072182214E-32,1,-6.12303176911189E-17
elle;1;1;1,-2.62046244078884E-15,-2.7028369878055E-16;45=0%2,-2=-1%1,27=2%2,52=3%2;66.2184240067298,39.2916487878153,16.1458333333333|2.62046244078884E-15,1,-2.53624280160748E-17|1,-2.62046244078884E-15,-2.7028369878055E-16
elle;1;1;-2.7028369878055E-16,-1.47823063398312E-16,-1;123=1%2,16=1%2,-1=-1%1,83=3%2;79.9684240067299,44.2916487878153,-5.10416666666667|1,-2.37554117002436E-15,-2.7028369878055E-16|-2.7028369878055E-16,-1.47823063398312E-16,-1
elle;1;1;1.49966072182214E-32,-1,6.12303176911189E-17;63=2%2,51=2%2,-2=-1%1,31=3%2;54.96842400673,105.541648787815,8.64583333333341|9.18247024260621E-49,6.12303176911189E-17,1|1.49966072182214E-32,-1,6.12303176911189E-17
elle;1;1;1,-2.46213391573156E-15,-1.73185491414386E-16;48=1%2,60=1%2,12=0%2,-1=-1%1;76.2184240067299,74.2916487878154,-6.35416666666666|1.73185491414387E-16,2.77555756156289E-16,1|1,-2.46213391573156E-15,-1.73185491414386E-16
elle;1;1;1,-2.55923212309772E-15,-2.7028369878055E-16;69=3%2,41=1%2,21=1%2,174=3%2;76.2184240067298,31.7916487878153,11.1458333333333|-2.7028369878055E-16,-1.47823063398312E-16,-1|1,-2.55923212309772E-15,-2.7028369878055E-16
elle;1;1;-1,-8.65927457071935E-17,-1.54009860873812E-32;129=2%2,10=1%2,140=3%2,-2=-1%1;46.2184240067299,106.791648787815,-16.3541666666666|1.15374791633461E-31,-1.51023941616368E-15,1|-1,-8.65927457071935E-17,-1.54009860873812E-32
elle;1;1;-1,2.4980018054066E-15,2.09053381089431E-16;-2=-1%1,19=1%2,-1=-1%1,80=3%2;61.2184240067298,56.7916487878153,6.14583333333334|-2.4980018054066E-15,-1,-9.70982073661629E-17|-1,2.4980018054066E-15,2.09053381089431E-16
elle;1;1;-2.09053381089432E-16,-2.09053381089431E-16,-1;23=0%2,108=1%2,40=2%2,113=3%2;84.9684240067298,56.7916487878153,-20.1041666666667|-2.43677148771548E-15,-1,2.09053381089431E-16|-2.09053381089432E-16,-2.09053381089431E-16,-1
elle;1;1;-3.31514016471669E-16,-2.09053381089431E-16,-1;47=1%2,44=3%2,39=2%2,85=3%2;87.4684240067298,39.2916487878153,-20.1041666666667|2.43677148771548E-15,1,-2.09053381089431E-16|-3.31514016471669E-16,-2.09053381089431E-16,-1
elle;1;1;-1,2.55923212309772E-15,2.7028369878055E-16;49=2%2,36=1%2,77=3%2,-1=-1%1;71.2184240067298,31.7916487878153,18.6458333333334|2.7028369878055E-16,2.53624280160741E-17,1|-1,2.55923212309772E-15,2.7028369878055E-16
elle;1;1;1,-2.4980018054066E-15,-2.09053381089431E-16;89=2%2,62=1%2,13=0%2,91=3%2;66.2184240067298,59.2916487878154,-16.3541666666667|2.09053381089431E-16,2.53624280160743E-17,1|1,-2.4980018054066E-15,-2.09053381089431E-16
elle;1;1;2.62046244078884E-15,1,-2.53624280160748E-17;67=0%2,119=2%2,84=2%2,18=3%2;57.4684240067299,75.5416487878155,26.1458333333334|-1,2.62046244078884E-15,1.47823063398312E-16|2.62046244078884E-15,1,-2.53624280160748E-17
elle;1;1;1,-2.43677148771548E-15,-3.31514016471669E-16;98=1%2,-1=-1%1,-2=-1%1,40=1%2;86.2184240067298,34.2916487878152,-13.8541666666667|2.43677148771548E-15,1,-2.09053381089431E-16|1,-2.43677148771548E-15,-3.31514016471669E-16
elle;1;1;-1,2.62046244078884E-15,2.7028369878055E-16;32=0%2,-2=-1%1,120=3%2,-2=-1%1;66.2184240067298,39.2916487878153,28.6458333333333|2.62046244078884E-15,1,-2.53624280160748E-17|-1,2.62046244078884E-15,2.7028369878055E-16
elle;1;1;-2.68169275847996E-15,-1,-9.70982073661629E-17;-1=-1%1,-1=-1%1,-1=-1%1,8=2%2;49.9684240067299,85.5416487878155,36.1458333333334|1,-2.68169275847996E-15,-8.65927457071935E-17|-2.68169275847996E-15,-1,-9.70982073661629E-17
elle;1;1;1,-2.43677148771548E-15,-3.31514016471669E-16;-1=-1%1,40=0%2,-1=-1%1,87=3%2;96.2184240067298,39.2916487878152,-18.8541666666667|2.43677148771548E-15,1,-2.09053381089431E-16|1,-2.43677148771548E-15,-3.31514016471669E-16
elle;1;1;-2.46213391573156E-15,-1,2.7755575615629E-16;73=2%2,35=0%2,117=2%2,-2=-1%1;77.4684240067299,65.5416487878154,-13.8541666666667|-2.95646126796625E-16,-2.77555756156289E-16,-1|-2.46213391573156E-15,-1,2.7755575615629E-16
elle;1;1;-1,2.55923212309772E-15,1.47823063398312E-16;183=2%2,53=2%2,41=0%2,-1=-1%1;71.2184240067298,46.7916487878153,16.1458333333334|-2.55923212309772E-15,-1,2.53624280160748E-17|-1,2.55923212309772E-15,1.47823063398312E-16
elle;1;1;2.30626951147191E-31,-1.32654846309033E-15,1;132=3%2,66=3%2,26=1%2,110=3%2;62.4684240067299,124.291648787815,-20.1041666666666|-1,-2.22044604925031E-16,-6.39259782536083E-32|2.30626951147191E-31,-1.32654846309033E-15,1
elle;1;1;1,1.49966072182214E-32,-1.83649404852124E-48;112=1%2,-2=-1%1,34=1%2,78=3%2;56.21842400673,116.791648787815,3.64583333333337|1.49966072182214E-32,-1,6.12303176911189E-17|1,1.49966072182214E-32,-1.83649404852124E-48
elle;1;1;1,-2.4980018054066E-15,-2.7028369878055E-16;-1=-1%1,65=1%2,-1=-1%1,32=3%2;66.2184240067298,41.7916487878153,8.64583333333334|-2.4980018054066E-15,-1,2.53624280160748E-17|1,-2.4980018054066E-15,-2.7028369878055E-16
elle;1;1;2.55923212309772E-15,1,-8.65927457071937E-17;-1=-1%1,168=3%2,49=1%2,-1=-1%1;82.4684240067299,50.5416487878153,16.1458333333334|-1,2.55923212309772E-15,1.47823063398312E-16|2.55923212309772E-15,1,-8.65927457071937E-17
stick;1;1;1,-2.5845945511138E-15,-1.4432899320127E-15;-1=-1%1,-1=-1%1,9=0%2;81.2184240067299,75.6458154544821,20|1,-2.5845945511138E-15,-1.4432899320127E-15|2.5845945511138E-15,1,-2.7755575615629E-16
elle;1;1;2.7028369878055E-16,2.53624280160741E-17,1;157=1%2,104=1%2,16=2%2,195=3%2;54.9684240067298,46.7916487878154,-0.104166666666659|1,-2.4980018054066E-15,-2.7028369878055E-16|2.7028369878055E-16,2.53624280160741E-17,1
elle;1;1;-1.22460635382238E-16,-1,1.22460635382238E-16;-1=-1%1,-1=-1%1,135=3%2,4=3%2;69.9684240067299,90.5416487878154,11.1458333333334|1,-1.22460635382238E-16,-1.22460635382238E-16|-1.22460635382238E-16,-1,1.22460635382238E-16
elle;1;1;-1.49966072182214E-32,1,-6.12303176911189E-17;-1=-1%1,171=3%2,-1=-1%1,31=2%2;62.46842400673,105.541648787815,21.1458333333334|-1,-1.49966072182214E-32,1.83649404852124E-48|-1.49966072182214E-32,1,-6.12303176911189E-17
elle;1;1;2.09053381089431E-16,-9.70982073661635E-17,1;138=1%2,-2=-1%1,152=2%2,27=3%2;59.9684240067298,54.2916487878154,14.8958333333333|2.62046244078884E-15,1,9.70982073661629E-17|2.09053381089431E-16,-9.70982073661635E-17,1
elle;1;1;-1,-7.49830360911069E-33,1.22460635382238E-16;-1=-1%1,-1=-1%1,158=3%2,31=1%2;61.21842400673,99.2916487878155,6.14583333333336|-1.22460635382238E-16,-6.12303176911189E-17,-1|-1,-7.49830360911069E-33,1.22460635382238E-16
elle;1;1;-1,2.46213391573156E-15,1.73185491414386E-16;-1=-1%1,35=1%2,-1=-1%1,-1=-1%1;71.2184240067299,79.2916487878155,-11.3541666666667|2.46213391573156E-15,1,-2.16325438465171E-16|-1,2.46213391573156E-15,1.73185491414386E-16
elle;1;1;1,0,-1.22460635382238E-16;-1=-1%1,163=2%2,1=2%2,-1=-1%1;61.2184240067299,89.2916487878154,-16.3541666666667|1.22460635382238E-16,0,1|1,0,-1.22460635382238E-16
elle;1;1;-1,2.4980018054066E-15,2.09053381089431E-16;-1=-1%1,42=1%2,-1=-1%1,-1=-1%1;61.2184240067298,61.7916487878154,-16.3541666666667|2.09053381089431E-16,2.53624280160743E-17,1|-1,2.4980018054066E-15,2.09053381089431E-16
elle;1;1;-1.83649404852124E-48,0,-1;-2=-1%1,102=3%2,34=0%2,81=3%2;39.96842400673,104.291648787815,4.89583333333337|1,1.49966072182214E-32,-1.83649404852124E-48|-1.83649404852124E-48,0,-1
elle;1;1;-2.31431085233325E-15,-1,2.53624280160748E-17;-1=-1%1,99=1%2,30=0%2,-1=-1%1;64.9684240067299,75.5416487878154,-21.3541666666667|8.65927457071935E-17,2.53624280160746E-17,1|-2.31431085233325E-15,-1,2.53624280160748E-17
elle;1;1;-1,2.4980018054066E-15,2.7028369878055E-16;144=3%2,52=1%2,75=3%2,127=3%2;61.2184240067298,46.7916487878154,13.6458333333334|2.7028369878055E-16,-3.58678896750448E-17,1|-1,2.4980018054066E-15,2.7028369878055E-16
elle;1;1;2.22044604925031E-16,-1,-1.32654846309033E-15;-1=-1%1,-1=-1%1,-1=-1%1,50=1%2;67.46842400673,125.541648787815,-26.3541666666666|-1,-2.22044604925031E-16,-6.39259782536083E-32|2.22044604925031E-16,-1,-1.32654846309033E-15
elle;1;1;-2.62046244078884E-15,-1,2.53624280160748E-17;43=0%2,-1=-1%1,68=3%2,-1=-1%1;57.4684240067299,75.5416487878155,38.6458333333334|-1,2.62046244078884E-15,1.47823063398312E-16|-2.62046244078884E-15,-1,2.53624280160748E-17
elle;1;1;-2.62046244078884E-15,-1,2.53624280160748E-17;-1=-1%1,-1=-1%1,-1=-1%1,67=2%2;44.9684240067299,75.5416487878155,38.6458333333334|1.47823063398312E-16,2.53624280160744E-17,1|-2.62046244078884E-15,-1,2.53624280160748E-17
elle;1;1;1,-2.55923212309772E-15,-2.7028369878055E-16;-1=-1%1,96=3%2,-1=-1%1,36=0%2;76.2184240067298,41.7916487878153,16.1458333333334|-2.7028369878055E-16,-1.47823063398312E-16,-1|1,-2.55923212309772E-15,-2.7028369878055E-16
elle;1;1;1,-2.70705518649603E-15,-1.73185491414386E-16;-1=-1%1,-1=-1%1,-1=-1%1,12=3%2;76.2184240067299,69.2916487878154,16.1458333333333|2.70705518649603E-15,1,-2.7755575615629E-16|1,-2.70705518649603E-15,-1.73185491414386E-16
elle;1;1;2.55923212309772E-15,1,-1.47823063398313E-16;-2=-1%1,-1=-1%1,22=1%2,-1=-1%1;59.9684240067298,35.5416487878154,11.1458333333333|-2.7028369878055E-16,-1.47823063398312E-16,-1|2.55923212309772E-15,1,-1.47823063398313E-16
elle;1;1;0,1.22460635382238E-16,1;95=0%2,29=1%2,-1=-1%1,-1=-1%1;77.46842400673,101.791648787815,9.89583333333338|1.49966072182214E-32,-1,1.22460635382238E-16|0,1.22460635382238E-16,1
elle;1;1;2.46213391573156E-15,1,-2.7755575615629E-16;143=2%2,76=3%2,48=0%2,159=3%2;92.4684240067299,65.5416487878154,-8.8541666666667|-1,2.46213391573156E-15,2.95646126796624E-16|2.46213391573156E-15,1,-2.7755575615629E-16
elle;1;1;8.65927457071935E-17,-1,-2.09053381089431E-16;-1=-1%1,-1=-1%1,93=3%2,14=2%2;34.9684240067299,100.541648787815,-11.3541666666667|1.06042026587955E-32,-2.09053381089431E-16,1|8.65927457071935E-17,-1,-2.09053381089431E-16
elle;1;1;1,-2.62046244078884E-15,-2.7028369878055E-16;166=3%2,-1=-1%1,-1=-1%1,65=2%2;61.2184240067298,44.2916487878154,26.1458333333334|2.62046244078884E-15,1,3.58678896750441E-17|1,-2.62046244078884E-15,-2.7028369878055E-16
elle;1;1;-4.18106762178863E-16,-2.77555756156289E-16,-1;106=3%2,-1=-1%1,-1=-1%1,73=1%2;94.9684240067299,59.2916487878154,-10.1041666666667|1,-2.46213391573156E-15,-4.18106762178862E-16|-4.18106762178863E-16,-2.77555756156289E-16,-1
elle;1;1;1,-2.68169275847996E-15,-2.7028369878055E-16;88=3%2,-1=-1%1,-1=-1%1,41=2%2;71.2184240067298,29.2916487878153,31.1458333333334|2.68169275847996E-15,1,-2.53624280160748E-17|1,-2.68169275847996E-15,-2.7028369878055E-16
elle;1;1;1,-1.22460635382238E-16,7.49830360911069E-33;-1=-1%1,100=2%2,-1=-1%1,51=3%2;56.21842400673,114.291648787815,11.1458333333334|1.22460635382238E-16,1,-6.12303176911189E-17|1,-1.22460635382238E-16,7.49830360911069E-33
elle;1;1;1,-2.55923212309772E-15,-8.65927457071935E-17;90=2%2,167=3%2,-1=-1%1,8=1%2;51.2184240067299,79.2916487878155,18.6458333333334|8.65927457071932E-17,-9.70982073661632E-17,1|1,-2.55923212309772E-15,-8.65927457071935E-17
elle;1;1;-2.43677148771548E-15,-1,-9.7098207366163E-17;122=3%2,-1=-1%1,-2=-1%1,38=3%2;62.4684240067298,55.5416487878153,-1.35416666666666|-1,2.43677148771548E-15,2.09053381089431E-16|-2.43677148771548E-15,-1,-9.7098207366163E-17
elle;1;1;1.22460635382238E-16,1.83649404852124E-48,-1;103=3%2,-2=-1%1,-1=-1%1,63=3%2;42.46842400673,111.791648787815,4.89583333333337|-1,-1.49966072182214E-32,-1.22460635382238E-16|1.22460635382238E-16,1.83649404852124E-48,-1
elle;1;1;-8.65927457071935E-17,1,8.65927457071935E-17;179=0%2,-1=-1%1,-1=-1%1,14=0%2;52.4684240067299,100.541648787815,1.14583333333334|-1,-8.65927457071935E-17,-7.49830360911068E-33|-8.65927457071935E-17,1,8.65927457071935E-17
elle;1;1;-1.47823063398313E-16,-1.47823063398312E-16,-1;105=1%2,107=1%2,109=3%2,33=3%2;82.4684240067299,51.7916487878153,-5.10416666666667|-1,2.37554117002436E-15,1.47823063398312E-16|-1.47823063398313E-16,-1.47823063398312E-16,-1
elle;1;1;-2.62046244078884E-15,-1,2.53624280160748E-17;-1=-1%1,149=1%2,43=2%2,-1=-1%1;39.9684240067299,75.5416487878155,26.1458333333334|1,-2.62046244078884E-15,-1.47823063398312E-16|-2.62046244078884E-15,-1,2.53624280160748E-17
elle;1;1;3.31514016471669E-16,2.09053381089431E-16,1;92=2%2,-1=-1%1,-1=-1%1,40=3%2;79.9684240067298,39.2916487878153,-20.1041666666667|2.43677148771548E-15,1,-2.09053381089431E-16|3.31514016471669E-16,2.09053381089431E-16,1
elle;1;1;-2.09053381089431E-16,1,8.65927457071935E-17;141=3%2,155=1%2,115=2%2,14=3%2;44.9684240067299,100.541648787815,-16.3541666666667|1,2.09053381089431E-16,1.81025062679061E-32|-2.09053381089431E-16,1,8.65927457071935E-17
elle;1;1;1,-2.31431085233325E-15,-3.31514016471669E-16;-1=-1%1,-1=-1%1,-1=-1%1,47=3%2;96.2184240067298,41.7916487878152,-26.3541666666667|-2.31431085233325E-15,-1,2.09053381089431E-16|1,-2.31431085233325E-15,-3.31514016471669E-16
elle;1;1;-1,2.8041533938622E-15,2.7028369878055E-16;-1=-1%1,-1=-1%1,-1=-1%1,77=0%2;71.2184240067298,26.7916487878153,41.1458333333334|-2.8041533938622E-15,-1,2.53624280160749E-17|-1,2.8041533938622E-15,2.7028369878055E-16
elle;1;1;-2.7028369878055E-16,-2.53624280160741E-17,-1;-1=-1%1,-1=-1%1,42=0%2,-1=-1%1;67.4684240067298,44.2916487878154,-20.1041666666667|2.4980018054066E-15,1,-2.53624280160748E-17|-2.7028369878055E-16,-2.53624280160741E-17,-1
elle;1;1;-1,2.55923212309772E-15,8.65927457071935E-17;-1=-1%1,-1=-1%1,79=0%2,-1=-1%1;51.2184240067299,64.2916487878155,13.6458333333333|2.55923212309772E-15,1,9.70982073661629E-17|-1,2.55923212309772E-15,8.65927457071935E-17
elle;1;1;1.47823063398312E-16,2.53624280160744E-17,1;-1=-1%1,-1=-1%1,-1=-1%1,42=3%2;64.9684240067299,66.7916487878154,-15.1041666666667|1,-2.4980018054066E-15,-1.47823063398312E-16|1.47823063398312E-16,2.53624280160744E-17,1
elle;1;1;3.31514016471669E-16,8.65927457071928E-17,1;-1=-1%1,-1=-1%1,85=0%2,-1=-1%1;64.9684240067298,36.7916487878153,-20.1041666666667|1,-2.43677148771548E-15,-3.31514016471669E-16|3.31514016471669E-16,8.65927457071928E-17,1
elle;1;1;1,2.53624280160747E-17,-5.30210132939773E-33;-1=-1%1,121=2%2,-1=-1%1,74=2%2;36.2184240067299,99.2916487878154,1.14583333333334|-2.53624280160747E-17,1,2.09053381089431E-16|1,2.53624280160747E-17,-5.30210132939773E-33
elle;1;1;-2.44921270764475E-16,1,-1.22460635382238E-16;-1=-1%1,116=1%2,25=0%2,-1=-1%1;72.4684240067299,90.5416487878154,-21.3541666666666|1.22460635382238E-16,1.22460635382238E-16,1|-2.44921270764475E-16,1,-1.22460635382238E-16
elle;1;1;0,-1.22460635382238E-16,-1;72=0%2,-1=-1%1,178=3%2,-1=-1%1;89.96842400673,101.791648787815,9.89583333333338|1.49966072182214E-32,-1,1.22460635382238E-16|0,-1.22460635382238E-16,-1
elle;1;1;-2.7028369878055E-16,-8.6592745707193E-17,-1;-1=-1%1,101=2%2,-1=-1%1,69=1%2;69.9684240067298,41.7916487878153,19.8958333333334|-2.55923212309772E-15,-1,8.65927457071937E-17|-2.7028369878055E-16,-8.6592745707193E-17,-1
elle;1;1;1,-2.55923212309772E-15,-1.47823063398312E-16;160=3%2,-1=-1%1,18=0%2,-1=-1%1;56.2184240067299,69.2916487878154,3.64583333333338|1.47823063398312E-16,2.53624280160744E-17,1|1,-2.55923212309772E-15,-1.47823063398312E-16
elle;1;1;3.31514016471669E-16,2.09053381089431E-16,1;177=3%2,44=0%2,-1=-1%1,-1=-1%1;82.4684240067297,29.2916487878152,-5.10416666666669|-1,2.4980018054066E-15,3.31514016471669E-16|3.31514016471669E-16,2.09053381089431E-16,1
elle;1;1;2.31431085233325E-15,1,-2.53624280160748E-17;161=3%2,64=1%2,-1=-1%1,-1=-1%1;67.4684240067299,80.5416487878154,-21.3541666666667|8.65927457071935E-17,2.53624280160746E-17,1|2.31431085233325E-15,1,-2.53624280160748E-17
elle;1;1;-1.49966072182214E-32,-6.12303176911189E-17,1;118=3%2,-1=-1%1,78=1%2,-1=-1%1;44.96842400673,111.791648787815,9.89583333333337|1,-1.22460635382238E-16,7.49830360911069E-33|-1.49966072182214E-32,-6.12303176911189E-17,1
elle;1;1;2.62046244078884E-15,1,-8.65927457071937E-17;-2=-1%1,154=1%2,96=1%2,199=3%2;69.9684240067298,45.5416487878154,31.1458333333334|-2.7028369878055E-16,-8.6592745707193E-17,-1|2.62046244078884E-15,1,-8.65927457071937E-17
elle;1;1;1.49966072182214E-32,-1,-2.75411799042743E-80;-1=-1%1,114=1%2,-1=-1%1,63=1%2;34.9684240067299,105.541648787815,11.1458333333334|1,1.49966072182214E-32,-1.83649404852124E-48|1.49966072182214E-32,-1,-2.75411799042743E-80
elle;1;1;1.22460635382238E-16,1.83649404852124E-48,-1;133=3%2,-1=-1%1,-1=-1%1,81=0%2;47.46842400673,121.791648787815,4.89583333333337|-1,-1.49966072182214E-32,-1.22460635382238E-16|1.22460635382238E-16,1.83649404852124E-48,-1
elle;1;1;-2.7028369878055E-16,-2.53624280160741E-17,-1;-1=-1%1,55=1%2,-2=-1%1,162=3%2;54.9684240067298,44.2916487878153,-5.10416666666667|1,-2.4980018054066E-15,-2.7028369878055E-16|-2.7028369878055E-16,-2.53624280160741E-17,-1
elle;1;1;2.37554117002436E-15,1,-1.47823063398312E-16;148=1%2,83=0%2,-1=-1%1,-1=-1%1;82.4684240067299,60.5416487878153,-3.85416666666667|-1,2.37554117002436E-15,1.47823063398312E-16|2.37554117002436E-15,1,-1.47823063398312E-16
elle;1;1;5.405673975611E-16,2.77555756156288E-16,1;-1=-1%1,-1=-1%1,172=3%2,76=0%2;92.4684240067298,49.2916487878154,-10.1041666666667|-1,2.46213391573156E-15,5.405673975611E-16|5.405673975611E-16,2.77555756156288E-16,1
elle;1;1;1.47823063398313E-16,1.47823063398312E-16,1;150=0%2,83=1%2,-1=-1%1,-1=-1%1;87.4684240067299,46.7916487878152,-0.104166666666667|-2.43677148771548E-15,-1,1.47823063398312E-16|1.47823063398313E-16,1.47823063398312E-16,1
elle;1;1;2.09053381089432E-16,2.09053381089431E-16,1;131=0%2,39=1%2,-2=-1%1,111=3%2;87.4684240067299,56.7916487878153,-15.1041666666667|-2.43677148771548E-15,-1,2.09053381089431E-16|2.09053381089432E-16,2.09053381089431E-16,1
elle;1;1;1.47823063398312E-16,2.53624280160744E-17,1;-1=-1%1,-1=-1%1,-1=-1%1,83=2%2;69.9684240067299,49.2916487878153,-5.10416666666667|2.37554117002436E-15,1,-2.53624280160748E-17|1.47823063398312E-16,2.53624280160744E-17,1
elle;1;1;-2.30626951147191E-31,1.32654846309033E-15,-1;-1=-1%1,-1=-1%1,-1=-1%1,50=3%2;62.4684240067299,131.791648787815,-20.1041666666666|-1,-2.22044604925031E-16,-6.39259782536083E-32|-2.30626951147191E-31,1.32654846309033E-15,-1
elle;1;1;-2.09053381089432E-16,-2.09053381089431E-16,-1;-1=-1%1,-1=-1%1,180=3%2,108=3%2;79.9684240067299,56.7916487878153,-15.1041666666667|-2.43677148771548E-15,-1,2.09053381089431E-16|-2.09053381089432E-16,-2.09053381089431E-16,-1
elle;1;1;0,-6.12303176911189E-17,-1;-1=-1%1,51=0%2,126=2%2,193=3%2;57.46842400673,124.291648787816,-5.10416666666663|-1.22460635382238E-16,1,-6.12303176911189E-17|0,-6.12303176911189E-17,-1
elle;1;1;-2.43677148771548E-15,-1,2.7028369878055E-16;-2=-1%1,-1=-1%1,134=2%2,39=3%2;92.4684240067298,55.5416487878153,-18.8541666666667|-2.09053381089432E-16,-2.7028369878055E-16,-1|-2.43677148771548E-15,-1,2.7028369878055E-16
elle;1;1;-1.49966072182214E-32,1,0;-1=-1%1,102=1%2,-1=-1%1,-1=-1%1;27.4684240067299,110.541648787815,11.1458333333334|-1,-1.49966072182214E-32,-1.22460635382238E-16|-1.49966072182214E-32,1,0
elle;1;1;-2.09053381089431E-16,1,-3.58678896750442E-17;-1=-1%1,-1=-1%1,86=2%2,-1=-1%1;62.4684240067299,100.541648787815,-13.8541666666667|-1,-2.09053381089431E-16,-1.81025062679061E-32|-2.09053381089431E-16,1,-3.58678896750442E-17
elle;1;1;2.44921270764476E-16,-1,1.22460635382238E-16;-1=-1%1,94=1%2,-1=-1%1,-1=-1%1;72.4684240067299,85.5416487878154,-28.8541666666667|-2.44921270764475E-16,-1.22460635382238E-16,-1|2.44921270764476E-16,-1,1.22460635382238E-16
elle;1;1;1,-2.40090359804044E-15,-2.95646126796624E-16;182=3%2,189=3%2,48=2%2,-1=-1%1;76.2184240067299,64.2916487878154,-31.3541666666667|2.95646126796625E-16,2.77555756156289E-16,1|1,-2.40090359804044E-15,-2.95646126796624E-16
elle;1;1;1.22460635382238E-16,6.12303176911189E-17,-1;-1=-1%1,-1=-1%1,-1=-1%1,100=0%2;42.4684240067299,121.791648787815,9.89583333333337|-1,1.22460635382238E-16,-1.22460635382238E-16|1.22460635382238E-16,6.12303176911189E-17,-1
elle;1;1;2.7028369878055E-16,2.53624280160741E-17,1;124=2%2,137=1%2,43=1%2,-2=-1%1;59.9684240067299,64.2916487878155,24.8958333333334|2.62046244078884E-15,1,-2.53624280160748E-17|2.7028369878055E-16,2.53624280160741E-17,1
elle;1;1;-1,2.62046244078884E-15,2.7028369878055E-16;145=0%2,-2=-1%1,186=3%2,45=2%2;66.2184240067298,51.7916487878153,28.6458333333333|2.7028369878055E-16,2.53624280160741E-17,1|-1,2.62046244078884E-15,2.7028369878055E-16
elle;1;1;1.37101017084802E-32,-3.31514016471669E-16,1;-1=-1%1,194=3%2,93=1%2,-1=-1%1;24.9684240067299,96.7916487878154,-0.104166666666666|1,2.53624280160747E-17,-5.30210132939773E-33|1.37101017084802E-32,-3.31514016471669E-16,1
elle;1;1;-2.43677148771548E-15,-1,-9.7098207366163E-17;-1=-1%1,-1=-1%1,-1=-1%1,80=0%2;67.4684240067298,55.5416487878153,-11.3541666666667|-1,2.43677148771548E-15,2.09053381089431E-16|-2.43677148771548E-15,-1,-9.7098207366163E-17
elle;1;1;-2.37554117002436E-15,-1,1.47823063398312E-16;-1=-1%1,33=0%2,-1=-1%1,-1=-1%1;72.4684240067298,35.5416487878153,-6.35416666666667|-1,2.37554117002436E-15,3.92744334162788E-16|-2.37554117002436E-15,-1,1.47823063398312E-16
elle;1;1;-2.62046244078884E-15,-1,-3.58678896750441E-17;-1=-1%1,-1=-1%1,119=0%2,-2=-1%1;44.9684240067299,60.5416487878155,26.1458333333334|1,-2.62046244078884E-15,-2.7028369878055E-16|-2.62046244078884E-15,-1,-3.58678896750441E-17
elle;1;1;2.4980018054066E-15,1,-8.65927457071937E-17;22=0%2,-1=-1%1,128=3%2,-1=-1%1;47.4684240067298,35.5416487878154,3.64583333333339|2.7028369878055E-16,8.6592745707193E-17,1|2.4980018054066E-15,1,-8.65927457071937E-17
elle;1;1;1,1.22460635382238E-16,6.12303176911189E-17;-1=-1%1,-1=-1%1,112=2%2,-1=-1%1;56.21842400673,141.791648787816,-6.35416666666663|1.22460635382238E-16,-1,6.12303176911189E-17|1,1.22460635382238E-16,6.12303176911189E-17
elle;1;1;-1,2.4980018054066E-15,3.92744334162788E-16;184=2%2,-1=-1%1,-1=-1%1,65=3%2;61.2184240067298,39.2916487878154,16.1458333333334|-3.92744334162788E-16,3.58678896750451E-17,-1|-1,2.4980018054066E-15,3.92744334162788E-16
elle;1;1;2.4980018054066E-15,1,-8.65927457071937E-17;-1=-1%1,-1=-1%1,-1=-1%1,125=2%2;47.4684240067298,35.5416487878154,16.1458333333334|-1,2.4980018054066E-15,2.7028369878055E-16|2.4980018054066E-15,1,-8.65927457071937E-17
elle;1;1;-1,-8.65927457071933E-17,-1.22460635382238E-16;170=3%2,-1=-1%1,37=0%2,-1=-1%1;46.2184240067299,121.791648787815,-18.8541666666666|8.65927457071935E-17,-1,-1.51023941616368E-15|-1,-8.65927457071933E-17,-1.22460635382238E-16
elle;1;1;-2.58459455111379E-15,-1,2.7755575615629E-16;187=1%2,-1=-1%1,-1=-1%1,24=1%2;82.4684240067299,60.5416487878154,16.1458333333334|-2.95646126796625E-16,-2.77555756156289E-16,-1|-2.58459455111379E-15,-1,2.7755575615629E-16
elle;1;1;-2.09053381089432E-16,-2.09053381089431E-16,-1;108=0%2,-1=-1%1,-1=-1%1,-1=-1%1;99.9684240067299,56.7916487878152,-15.1041666666667|-2.43677148771548E-15,-1,2.09053381089431E-16|-2.09053381089432E-16,-2.09053381089431E-16,-1
elle;1;1;-1,-2.22044604925031E-16,6.12303176911188E-17;196=3%2,-1=-1%1,-1=-1%1,50=0%2;66.21842400673,114.291648787815,-18.8541666666666|-6.12303176911191E-17,1.32654846309033E-15,-1|-1,-2.22044604925031E-16,6.12303176911188E-17
elle;1;1;1.22460635382238E-16,1.83649404852124E-48,-1;-1=-1%1,-1=-1%1,-1=-1%1,103=0%2;52.46842400673,131.791648787815,4.89583333333337|-1,-1.49966072182214E-32,-1.22460635382238E-16|1.22460635382238E-16,1.83649404852124E-48,-1
elle;1;1;-2.31431085233325E-15,-1,2.7028369878055E-16;173=1%2,-1=-1%1,113=2%2,-1=-1%1;89.9684240067298,55.5416487878153,-36.3541666666667|2.09053381089432E-16,2.7028369878055E-16,1|-2.31431085233325E-15,-1,2.7028369878055E-16
elle;1;1;-1.22460635382238E-16,-1,1.22460635382238E-16;-1=-1%1,-1=-1%1,-1=-1%1,56=2%2;82.4684240067299,90.5416487878154,11.1458333333334|-1.22460635382238E-16,-1.22460635382238E-16,-1|-1.22460635382238E-16,-1,1.22460635382238E-16
stick;1;1;-8.65927457071932E-17,-1.4432899320127E-15,1;-1=-1%1,-1=-1%1,26=2%2;51.3225906733966,135.645815454482,-10.1041666666666|-8.65927457071932E-17,-1.4432899320127E-15,1|1,1.35451859217838E-16,8.65927457071934E-17
elle;1;1;-2.7028369878055E-16,-2.53624280160741E-17,-1;156=2%2,119=1%2,-1=-1%1,-1=-1%1;59.9684240067299,56.7916487878154,19.8958333333334|-2.4980018054066E-15,-1,2.53624280160748E-17|-2.7028369878055E-16,-2.53624280160741E-17,-1
elle;1;1;-1,2.62046244078884E-15,2.09053381089431E-16;139=1%2,58=0%2,-1=-1%1,-1=-1%1;51.2184240067298,49.2916487878153,11.1458333333333|-2.09053381089431E-16,1.58328525057282E-16,-1|-1,2.62046244078884E-15,2.09053381089431E-16
elle;1;1;-2.62046244078884E-15,-1,-1.58328525057282E-16;-1=-1%1,138=0%2,-1=-1%1,-1=-1%1;49.9684240067298,40.5416487878153,18.6458333333334|3.31514016471669E-16,-1.58328525057283E-16,1|-2.62046244078884E-15,-1,-1.58328525057282E-16
elle;1;1;-1,-8.65927457071935E-17,-1.54009860873812E-32;-1=-1%1,-1=-1%1,-1=-1%1,37=2%2;46.2184240067299,106.791648787815,-3.85416666666661|8.65927457071935E-17,-1,-1.51023941616368E-15|-1,-8.65927457071935E-17,-1.54009860873812E-32
elle;1;1;3.31514016471669E-16,-1,-8.65927457071935E-17;-1=-1%1,-1=-1%1,-1=-1%1,86=0%2;42.4684240067299,100.541648787815,-26.3541666666667|-1,-3.31514016471669E-16,-2.87067089267016E-32|3.31514016471669E-16,-1,-8.65927457071935E-17
elle;1;1;-2.55923212309772E-15,-1,-9.70982073661629E-17;-1=-1%1,147=3%2,-1=-1%1,8=3%2;44.9684240067299,85.5416487878155,23.6458333333334|8.65927457071932E-17,-9.70982073661632E-17,1|-2.55923212309772E-15,-1,-9.70982073661629E-17
elle;1;1;2.58459455111379E-15,1,-2.7755575615629E-16;-1=-1%1,192=3%2,73=0%2,-1=-1%1;94.9684240067299,65.5416487878154,6.14583333333329|-2.95646126796625E-16,-2.77555756156289E-16,-1|2.58459455111379E-15,1,-2.7755575615629E-16
elle;1;1;2.09053381089431E-16,-3.58678896750446E-17,1;-1=-1%1,-2=-1%1,175=2%2,65=0%2;59.9684240067298,56.7916487878154,9.89583333333334|1,-2.4980018054066E-15,-2.09053381089431E-16|2.09053381089431E-16,-3.58678896750446E-17,1
elle;1;1;1,-2.62046244078884E-15,-2.7028369878055E-16;120=0%2,-1=-1%1,176=2%2,-1=-1%1;66.2184240067299,64.2916487878153,28.6458333333333|2.7028369878055E-16,2.53624280160741E-17,1|1,-2.62046244078884E-15,-2.7028369878055E-16
elle;1;1;1.22460635382238E-16,-1,1.22460635382238E-16;-1=-1%1,-1=-1%1,25=2%2,-1=-1%1;92.46842400673,90.5416487878154,-6.35416666666663|-1,-1.22460635382238E-16,1.22460635382238E-16|1.22460635382238E-16,-1,1.22460635382238E-16
elle;1;1;2.53624280160743E-17,-9.7098207366163E-17,1;-1=-1%1,153=1%2,-1=-1%1,142=1%2;44.9684240067299,91.7916487878155,19.8958333333334|1,-2.55923212309772E-15,-2.53624280160746E-17|2.53624280160743E-17,-9.7098207366163E-17,1
elle;1;1;1.47823063398313E-16,1.47823063398312E-16,1;-2=-1%1,105=0%2,-1=-1%1,-1=-1%1;87.46842400673,56.7916487878152,4.89583333333333|-2.43677148771548E-15,-1,1.47823063398312E-16|1.47823063398313E-16,1.47823063398312E-16,1
elle;1;1;2.62046244078884E-15,1,-2.53624280160748E-17;-1=-1%1,84=1%2,-1=-1%1,-1=-1%1;39.9684240067299,80.5416487878155,23.6458333333334|1,-2.62046244078884E-15,-1.47823063398312E-16|2.62046244078884E-15,1,-2.53624280160748E-17
elle;1;1;1.47823063398313E-16,2.7028369878055E-16,1;107=0%2,-1=-1%1,-1=-1%1,-1=-1%1;99.9684240067299,54.2916487878153,-0.10416666666667|2.43677148771548E-15,1,-2.7028369878055E-16|1.47823063398313E-16,2.7028369878055E-16,1
elle;1;1;2.68169275847996E-15,1,-1.47823063398313E-16;-1=-1%1,-1=-1%1,6=2%2,-1=-1%1;69.9684240067299,85.5416487878154,31.1458333333333|-8.65927457071938E-17,-1.47823063398312E-16,-1|2.68169275847996E-15,1,-1.47823063398313E-16
elle;1;1;-1,2.62046244078884E-15,1.47823063398312E-16;-1=-1%1,-1=-1%1,58=2%2,165=3%2;61.2184240067299,71.7916487878153,16.1458333333333|-2.62046244078884E-15,-1,-9.70982073661629E-17|-1,2.62046244078884E-15,1.47823063398312E-16
elle;1;1;-2.53624280160743E-17,9.7098207366163E-17,-1;164=3%2,147=1%2,-1=-1%1,-1=-1%1;39.9684240067299,86.7916487878155,14.8958333333334|-2.4980018054066E-15,-1,-9.70982073661629E-17|-2.53624280160743E-17,9.7098207366163E-17,-1
elle;1;1;-2.62046244078884E-15,-1,8.65927457071937E-17;-2=-1%1,101=1%2,-1=-1%1,-1=-1%1;69.9684240067298,40.5416487878153,38.6458333333335|3.92744334162788E-16,8.65927457071927E-17,1|-2.62046244078884E-15,-1,8.65927457071937E-17
elle;1;1;2.09053381089431E-16,-1,-8.65927457071935E-17;-1=-1%1,86=1%2,-1=-1%1,-1=-1%1;37.4684240067298,95.5416487878154,-16.3541666666667|-1,-2.09053381089431E-16,1.22460635382238E-16|2.09053381089431E-16,-1,-8.65927457071935E-17
elle;1;1;2.7028369878055E-16,2.53624280160741E-17,1;-1=-1%1,-1=-1%1,137=0%2,-1=-1%1;44.9684240067299,61.7916487878155,19.8958333333334|1,-2.4980018054066E-15,-2.7028369878055E-16|2.7028369878055E-16,2.53624280160741E-17,1
elle;1;1;2.4980018054066E-15,1,-2.53624280160748E-17;-1=-1%1,55=0%2,-1=-1%1,-1=-1%1;47.4684240067298,55.5416487878154,1.14583333333334|-1,2.4980018054066E-15,1.47823063398312E-16|2.4980018054066E-15,1,-2.53624280160748E-17
elle;1;1;-1,-7.49830360911069E-33,1.22460635382238E-16;-1=-1%1,-1=-1%1,-1=-1%1,59=2%2;61.21842400673,99.2916487878155,-6.35416666666663|-1.49966072182214E-32,1,-6.12303176911189E-17|-1,-7.49830360911069E-33,1.22460635382238E-16
elle;1;1;2.33967328034932E-15,1,-2.7755575615629E-16;-1=-1%1,-1=-1%1,191=2%2,73=3%2;89.9684240067299,65.5416487878154,-16.3541666666667|1,-2.33967328034932E-15,-2.95646126796624E-16|2.33967328034932E-15,1,-2.7755575615629E-16
elle;1;1;-1,2.55923212309772E-15,2.7028369878055E-16;-1=-1%1,-1=-1%1,-1=-1%1,97=0%2;56.2184240067298,59.2916487878154,1.14583333333333|-2.7028369878055E-16,-2.53624280160741E-17,-1|-1,2.55923212309772E-15,2.7028369878055E-16
elle;1;1;-2.31431085233325E-15,-1,1.47823063398312E-16;-1=-1%1,-1=-1%1,-1=-1%1,99=0%2;77.4684240067299,80.5416487878154,-23.8541666666667|-8.65927457071938E-17,-1.47823063398312E-16,-1|-2.31431085233325E-15,-1,1.47823063398312E-16
elle;1;1;2.7028369878055E-16,2.53624280160741E-17,1;-1=-1%1,-1=-1%1,-1=-1%1,104=3%2;54.9684240067298,51.7916487878153,-5.10416666666667|1,-2.4980018054066E-15,-2.7028369878055E-16|2.7028369878055E-16,2.53624280160741E-17,1
elle;1;1;0,1,0;-1=-1%1,190=3%2,61=1%2,-1=-1%1;49.9684240067299,90.5416487878154,-21.3541666666667|1,0,-1.22460635382238E-16|0,1,0
elle;1;1;-2.4980018054066E-15,-1,-1.58328525057282E-16;-1=-1%1,-1=-1%1,185=3%2,153=0%2;29.9684240067299,90.5416487878155,13.6458333333334|2.53624280160742E-17,-1.58328525057282E-16,1|-2.4980018054066E-15,-1,-1.58328525057282E-16
elle;1;1;-1,2.4980018054066E-15,1.47823063398312E-16;-1=-1%1,-1=-1%1,-1=-1%1,152=3%2;61.2184240067299,69.2916487878153,8.64583333333334|2.4980018054066E-15,1,9.70982073661629E-17|-1,2.4980018054066E-15,1.47823063398312E-16
elle;1;1;1,-2.62046244078884E-15,-2.7028369878055E-16;-1=-1%1,-1=-1%1,-1=-1%1,75=0%2;61.2184240067298,39.2916487878153,36.1458333333334|2.62046244078884E-15,1,3.58678896750441E-17|1,-2.62046244078884E-15,-2.7028369878055E-16
elle;1;1;-2.55923212309772E-15,-1,-9.70982073661629E-17;-1=-1%1,-1=-1%1,-1=-1%1,79=1%2;44.9684240067299,80.5416487878155,13.6458333333333|8.65927457071932E-17,-9.70982073661632E-17,1|-2.55923212309772E-15,-1,-9.70982073661629E-17
elle;1;1;1.47823063398313E-16,8.65927457071933E-17,1;-1=-1%1,-1=-1%1,-1=-1%1,53=1%2;87.4684240067299,44.2916487878153,14.8958333333334|-1,2.55923212309772E-15,1.47823063398312E-16|1.47823063398313E-16,8.65927457071933E-17,1
elle;1;1;1.83690953073357E-16,6.12303176911189E-17,1;-1=-1%1,-1=-1%1,17=2%2,-1=-1%1;82.46842400673,79.2916487878154,4.89583333333337|-1,0,1.83690953073357E-16|1.83690953073357E-16,6.12303176911189E-17,1
elle;1;1;-1,-8.65927457071933E-17,-1.22460635382238E-16;-1=-1%1,-1=-1%1,-1=-1%1,129=0%2;46.2184240067299,126.791648787815,-8.85416666666662|8.65927457071935E-17,-1,-1.51023941616368E-15|-1,-8.65927457071933E-17,-1.22460635382238E-16
elle;1;1;-1,-1.1247455413666E-32,6.12303176911189E-17;-1=-1%1,-1=-1%1,-1=-1%1,57=1%2;66.21842400673,99.2916487878155,21.1458333333334|-6.12303176911189E-17,-6.12303176911189E-17,-1|-1,-1.1247455413666E-32,6.12303176911189E-17
elle;1;1;5.405673975611E-16,2.77555756156288E-16,1;-1=-1%1,-2=-1%1,-1=-1%1,106=2%2;79.9684240067298,49.2916487878154,-10.1041666666667|2.46213391573156E-15,1,-2.7755575615629E-16|5.405673975611E-16,2.77555756156288E-16,1
elle;1;1;-1,2.31431085233325E-15,2.09053381089431E-16;-1=-1%1,134=0%2,-1=-1%1,181=3%2;81.2184240067298,56.7916487878153,-36.3541666666667|2.09053381089432E-16,2.7028369878055E-16,1|-1,2.31431085233325E-15,2.09053381089431E-16
elle;1;1;1,-2.55923212309772E-15,-3.92744334162788E-16;-1=-1%1,-1=-1%1,-1=-1%1,36=3%2;76.2184240067298,24.2916487878153,8.64583333333335|3.92744334162788E-16,1.47823063398312E-16,1|1,-2.55923212309772E-15,-3.92744334162788E-16
elle;1;1;2.4980018054066E-15,1,-2.53624280160748E-17;-1=-1%1,-1=-1%1,144=2%2,-1=-1%1;77.4684240067298,55.5416487878153,11.1458333333333|-1,2.4980018054066E-15,2.09053381089431E-16|2.4980018054066E-15,1,-2.53624280160748E-17
elle;1;1;1,-2.74292307617108E-15,-2.7028369878055E-16;-1=-1%1,-1=-1%1,145=2%2,-1=-1%1;66.2184240067299,66.7916487878153,46.1458333333333|-2.7028369878055E-16,-2.53624280160741E-17,-1|1,-2.74292307617108E-15,-2.7028369878055E-16
elle;1;1;-4.53974651853907E-16,-2.0905338108943E-16,-1;-1=-1%1,-1=-1%1,-1=-1%1,98=0%2;84.9684240067297,19.2916487878152,-5.10416666666669|1,-2.4980018054066E-15,-4.53974651853907E-16|-4.53974651853907E-16,-2.0905338108943E-16,-1
elle;1;1;0,-1.22460635382238E-16,-1;-1=-1%1,-1=-1%1,-1=-1%1,95=2%2;89.96842400673,89.2916487878154,9.89583333333338|1,1.49966072182214E-32,-1.83649404852124E-48|0,-1.22460635382238E-16,-1
elle;1;1;8.65927457071935E-17,-1,-8.65927457071935E-17;82=0%2,-1=-1%1,-1=-1%1,-1=-1%1;52.4684240067299,100.541648787815,13.6458333333333|-1,-8.65927457071935E-17,-7.49830360911068E-33|8.65927457071935E-17,-1,-8.65927457071935E-17
elle;1;1;-2.09053381089432E-16,-2.09053381089431E-16,-1;-1=-1%1,-1=-1%1,-1=-1%1,111=2%2;79.9684240067298,44.2916487878153,-15.1041666666667|1,-2.43677148771548E-15,-2.09053381089431E-16|-2.09053381089432E-16,-2.09053381089431E-16,-1
elle;1;1;1,-2.31431085233325E-15,-2.09053381089431E-16;-1=-1%1,-1=-1%1,-1=-1%1,173=3%2;81.2184240067298,49.2916487878153,-36.3541666666667|2.09053381089432E-16,2.7028369878055E-16,1|1,-2.31431085233325E-15,-2.09053381089431E-16
elle;1;1;-1,2.40090359804044E-15,4.18106762178862E-16;-1=-1%1,-1=-1%1,-1=-1%1,117=0%2;76.2184240067299,54.2916487878154,-33.8541666666668|-4.18106762178863E-16,-2.77555756156289E-16,-1|-1,2.40090359804044E-15,4.18106762178862E-16
elle;1;1;1,-2.55923212309772E-15,-1.47823063398312E-16;198=1%2,-1=-1%1,49=0%2,-1=-1%1;71.2184240067299,51.7916487878154,31.1458333333334|-1.47823063398312E-16,-2.53624280160744E-17,-1|1,-2.55923212309772E-15,-1.47823063398312E-16
elle;1;1;4.53974651853907E-16,-3.58678896750452E-17,1;-1=-1%1,-1=-1%1,127=0%2,-1=-1%1;59.9684240067298,24.2916487878154,19.8958333333334|2.4980018054066E-15,1,3.58678896750441E-17|4.53974651853907E-16,-3.58678896750452E-17,1
elle;1;1;-2.4980018054066E-15,-1,-1.58328525057282E-16;-1=-1%1,-1=-1%1,-1=-1%1,164=2%2;29.9684240067299,90.5416487878156,26.1458333333334|1,-2.4980018054066E-15,-2.53624280160746E-17|-2.4980018054066E-15,-1,-1.58328525057282E-16
elle;1;1;1,-2.74292307617108E-15,-2.7028369878055E-16;197=1%2,-1=-1%1,-1=-1%1,120=2%2;66.2184240067298,49.2916487878153,41.1458333333333|2.74292307617108E-15,1,-2.53624280160748E-17|1,-2.74292307617108E-15,-2.7028369878055E-16
elle;1;1;1,-2.58459455111379E-15,-2.95646126796624E-16;-1=-1%1,130=0%2,-1=-1%1,-1=-1%1;91.2184240067299,64.2916487878154,21.1458333333334|2.58459455111379E-15,1,-3.38786073847408E-16|1,-2.58459455111379E-15,-2.95646126796624E-16
elle;1;1;-3.92744334162788E-16,-1.47823063398312E-16,-1;-1=-1%1,-1=-1%1,-1=-1%1,21=3%2;69.9684240067297,24.2916487878153,-0.104166666666658|1,-2.4980018054066E-15,-3.92744334162788E-16|-3.92744334162788E-16,-1.47823063398312E-16,-1
elle;1;1;-2.40090359804044E-15,-1,2.7755575615629E-16;-1=-1%1,-1=-1%1,-1=-1%1,117=1%2;69.9684240067299,65.5416487878154,-36.3541666666668|2.95646126796625E-16,2.77555756156289E-16,1|-2.40090359804044E-15,-1,2.7755575615629E-16
elle;1;1;1,0,-1.83690953073357E-16;-1=-1%1,-1=-1%1,-1=-1%1,163=1%2;46.2184240067299,84.2916487878154,-21.3541666666667|1.83690953073357E-16,0,1|1,0,-1.83690953073357E-16
elle;1;1;-2.95646126796625E-16,-3.38786073847408E-16,-1;-1=-1%1,-1=-1%1,159=2%2,-1=-1%1;107.46842400673,66.7916487878154,-15.1041666666667|-1,2.33967328034932E-15,2.95646126796624E-16|-2.95646126796625E-16,-3.38786073847408E-16,-1
elle;1;1;-1,2.58459455111379E-15,2.95646126796624E-16;-1=-1%1,-1=-1%1,-1=-1%1,143=1%2;96.2184240067299,59.2916487878154,11.1458333333333|-2.95646126796625E-16,-2.77555756156289E-16,-1|-1,2.58459455111379E-15,2.95646126796624E-16
elle;1;1;0,6.12303176911189E-17,1;-1=-1%1,-1=-1%1,-1=-1%1,112=3%2;49.96842400673,124.291648787816,-5.10416666666663|-1.22460635382238E-16,1,-6.12303176911189E-17|0,6.12303176911189E-17,1
elle;1;1;-2.53624280160747E-17,1,3.31514016471669E-16;-1=-1%1,-1=-1%1,-1=-1%1,121=1%2;19.9684240067299,95.5416487878154,-6.35416666666667|1,2.53624280160747E-17,-5.30210132939773E-33|-2.53624280160747E-17,1,3.31514016471669E-16
elle;1;1;1,-2.4980018054066E-15,-3.31514016471669E-16;-1=-1%1,-1=-1%1,-1=-1%1,55=3%2;56.2184240067298,39.2916487878154,-1.35416666666665|3.31514016471669E-16,2.5362428016074E-17,1|1,-2.4980018054066E-15,-3.31514016471669E-16
elle;1;1;1,2.22044604925032E-16,-1.83690953073357E-16;-1=-1%1,-1=-1%1,-1=-1%1,132=0%2;66.21842400673,104.291648787815,-16.3541666666666|1.83690953073357E-16,-1.32654846309033E-15,1|1,2.22044604925032E-16,-1.83690953073357E-16
elle;1;1;2.7028369878055E-16,2.53624280160741E-17,1;-1=-1%1,186=0%2,-1=-1%1,-1=-1%1;62.4684240067298,44.2916487878153,49.8958333333333|-1,2.8041533938622E-15,2.7028369878055E-16|2.7028369878055E-16,2.53624280160741E-17,1
elle;1;1;2.55923212309772E-15,1,-2.53624280160748E-17;-1=-1%1,183=0%2,-1=-1%1,-1=-1%1;69.9684240067299,60.5416487878154,31.1458333333334|-1.47823063398312E-16,-2.53624280160744E-17,-1|2.55923212309772E-15,1,-2.53624280160748E-17
elle;1;1;-2.62046244078884E-15,-1,8.65927457071937E-17;-1=-1%1,-1=-1%1,-1=-1%1,101=3%2;77.4684240067298,45.5416487878153,31.1458333333334|-2.7028369878055E-16,-8.6592745707193E-17,-1|-2.62046244078884E-15,-1,8.65927457071937E-17
elle;1;1;2.7028369878055E-16,1.47823063398312E-16,1;-1=-1%1,-1=-1%1,22=2%2,-1=-1%1;59.9684240067297,14.2916487878154,-0.104166666666655|2.4980018054066E-15,1,-1.47823063398313E-16|2.7028369878055E-16,1.47823063398312E-16,1
