stick;1;1;1,0,0;-1=-1%1,1=0%2,8=2%2,11=3%2;112.641141599083,95.6458154544821,0|1,0,0|0,1,0
elle;1;1;1,0,-1.22460635382238E-16;0=1%2,16=0%2,-2=-1%1,2=1%2;112.641141599083,86.7916487878154,-3.85416666666671|-1.22460635382238E-16,0,-1|1,0,-1.22460635382238E-16
stick;1;1;-1,0,2.44921270764475E-16;4=0%2,1=3%2,5=2%2,3=0%2;112.641141599083,80.4374821211487,-5.00000000000003|-1,0,2.44921270764475E-16|0,-1,0
stick;1;1;1.60982338570648E-15,0,1;2=3%2,18=2%2,7=1%2,12=3%2;122.74530826575,80.6458154544821,-15.1041666666667|1.60982338570648E-15,0,1|1,0,-1.60982338570648E-15
stick;1;1;1,0,-2.44921270764475E-16;2=0%2,17=1%2,-2=-1%1,46=0%2;92.6411415990833,80.6458154544821,-5.00000000000003|1,0,-2.44921270764475E-16|-6.03777548009827E-48,1,-2.46519032881566E-32
stick;1;1;1,0,-2.44921270764475E-16;14=3%2,-1=-1%1,2=2%2,6=3%2;112.641141599083,80.4374821211487,-0.208333333333366|1,0,-2.44921270764475E-16|0,-1,0
stick;1;1;-1,0,2.77555756156289E-16;28=0%2,-2=-1%1,29=2%2,5=3%2;92.6411415990833,80.4374821211487,-2.79776202205539E-14|-1,0,2.77555756156289E-16|0,-1,0
stick;1;1;-1,0,1.54859306801536E-15;13=0%2,3=2%2,9=0%2,10=3%2;122.641141599083,85.6458154544821,-15.2083333333334|-1,0,1.54859306801536E-15|0,1,0
stick;1;1;-6.12303176911189E-17,-1,0;108=0%2,32=2%2,0=2%2,82=0%2;112.536974932417,95.5416487878154,4.79166666666667|-6.12303176911189E-17,-1,0|-1,6.12303176911189E-17,0
elle;1;1;1,0,-1.54859306801536E-15;7=2%2,142=3%2,136=1%2,-2=-1%1;122.641141599083,89.2916487878155,-23.8541666666667|0,1,0|1,0,-1.54859306801536E-15
stick;1;1;1,0,-1.55431223447522E-15;31=3%2,-1=-1%1,153=1%2,7=3%2;142.641141599083,85.6458154544821,-15.0000000000001|1,0,-1.55431223447522E-15|0,1,0
stick;1;1;0,8.65927457071935E-17,-1;-1=-1%1,145=2%2,41=3%2,0=3%2;102.536974932417,95.4374821211487,-10.1041666666667|0,8.65927457071935E-17,-1|8.65927457071935E-17,-1,-8.65927457071935E-17
stick;1;1;8.65927457071939E-17,-1,1.11022302462516E-16;60=3%2,37=3%2,38=1%2,3=3%2;122.536974932417,70.5416487878154,-25.2083333333334|8.65927457071939E-17,-1,1.11022302462516E-16|-1,-8.65927457071937E-17,1.69641613141367E-15
stick;1;1;1,0,-1.54859306801536E-15;7=0%2,-2=-1%1,15=2%2,24=0%2;102.641141599083,85.4374821211487,-15.2083333333333|1,0,-1.54859306801536E-15|0,-1,0
stick;1;1;1,1.27675647831893E-15,-1.58328525057282E-16;91=0%2,20=1%2,30=2%2,5=0%2;132.641141599083,80.6458154544821,-0.208333333333371|1,1.27675647831893E-15,-1.58328525057282E-16|-1.58328525057282E-16,-8.65927457071934E-17,-1
stick;1;1;-1,0,1.54859306801536E-15;35=3%2,21=1%2,13=2%2,104=3%2;102.641141599083,85.4374821211487,-20|-1,0,1.54859306801536E-15|0,-1,0
elle;1;1;0,-1,0;1=1%2,34=1%2,-1=-1%1,52=1%2;103.891141599083,85.5416487878154,-3.85416666666671|-1.22460635382238E-16,0,-1|0,-1,0
stick;1;1;-3.06151588455594E-16,0,-1;101=3%2,4=1%2,22=1%2,27=0%2;92.5369749324166,75.4374821211487,-5.10416666666669|-3.06151588455594E-16,0,-1|0,-1,0
elle;1;1;-1.60982338570648E-15,0,-1;19=3%2,23=1%2,3=1%2,-1=-1%1;111.391141599083,79.2916487878154,-15.1041666666667|1,0,-1.60982338570648E-15|-1.60982338570648E-15,0,-1
elle;1;1;-1.60982338570648E-15,0,-1;26=2%2,184=0%2,149=1%2,18=0%2;106.391141599083,69.2916487878154,-15.1041666666667|1,0,-1.60982338570648E-15|-1.60982338570648E-15,0,-1
elle;1;1;1.58328525057282E-16,8.65927457071934E-17,1;58=1%2,14=1%2,-1=-1%1,-1=-1%1;128.891141599083,79.2916487878154,4.8958333333333|-1,-1.21552616062781E-15,1.58328525057282E-16|1.58328525057282E-16,8.65927457071934E-17,1
stick;1;1;-1,0,1.42613243263312E-15;-1=-1%1,15=1%2,56=3%2,102=0%2;102.641141599083,90.6458154544821,-20.2083333333333|-1,0,1.42613243263312E-15|0,1,0
elle;1;1;-1,0,3.06151588455594E-16;42=0%2,17=2%2,33=0%2,51=1%2;87.6411415990833,71.7916487878154,-3.85416666666669|0,-1,0|-1,0,3.06151588455594E-16
stick;1;1;-1.22460635382238E-16,-1,1.971399946668E-31;-1=-1%1,18=1%2,25=2%2,73=3%2;107.536974932417,80.5416487878154,-10|-1.22460635382238E-16,-1,1.971399946668E-31|1.60982338570648E-15,0,1
stick;1;1;-2.88657986402541E-15,0,-1;13=3%2,-2=-1%1,49=1%2,-1=-1%1;92.5369749324167,85.6458154544821,-5.10416666666666|-2.88657986402541E-15,0,-1|-1,0,2.88657986402541E-15
elle;1;1;1.22460635382238E-16,1,-1.971399946668E-31;-1=-1%1,-1=-1%1,23=2%2,-1=-1%1;96.3911415990833,80.5416487878154,-11.3541666666667|1,-1.22460635382238E-16,-1.60982338570648E-15|1.22460635382238E-16,1,-1.971399946668E-31
stick;1;1;-1,0,1.6710537033976E-15;55=0%2,43=0%2,19=0%2,86=0%2;102.641141599083,60.6458154544821,-15|-1,0,1.6710537033976E-15|1.6710537033976E-15,0,1
stick;1;1;9.43689570931383E-16,-8.65927457071937E-17,-1;17=3%2,195=1%2,44=0%2,256=3%2;92.74530826575,75.4374821211487,14.8958333333333|9.43689570931383E-16,-8.65927457071936E-17,-1|1,-8.65927457071934E-17,9.43689570931383E-16
stick;1;1;1,0,-2.77555756156289E-16;6=0%2,36=1%2,64=1%2,74=3%2;72.6411415990833,80.6458154544821,-2.26485497023532E-14|1,0,-2.77555756156289E-16|0,1,0
elle;1;1;1,0,-2.77555756156289E-16;70=1%2,-2=-1%1,6=2%2,-1=-1%1;92.6411415990833,81.7916487878154,11.1458333333333|-2.77555756156289E-16,0,-1|1,0,-2.77555756156289E-16
elle;1;1;-1,-1.27675647831893E-15,1.58328525057282E-16;-2=-1%1,57=2%2,14=2%2,-1=-1%1;132.641141599083,91.7916487878154,1.14583333333329|1.27675647831893E-15,-1,8.65927457071932E-17|-1,-1.27675647831893E-15,1.58328525057282E-16
stick;1;1;-1.16573417585641E-15,-1,1.67632942359465E-30;276=3%2,138=3%2,110=1%2,10=0%2;152.74530826575,75.5416487878154,-15.2083333333334|-1.16573417585641E-15,-1,1.67632942359465E-30|-1.55431223447522E-15,1.35585468084862E-31,-1
elle;1;1;-6.12303176911189E-17,-1,1.22460635382238E-16;120=1%2,99=2%2,8=1%2,62=1%2;123.891141599083,95.5416487878154,3.64583333333333|-1,6.12303176911189E-17,0|-6.12303176911189E-17,-1,1.22460635382238E-16
elle;1;1;3.67381906146713E-16,0,1;22=2%2,-1=-1%1,-1=-1%1,39=1%2;91.3911415990834,56.7916487878154,-5.10416666666669|1,0,-3.67381906146713E-16|3.67381906146713E-16,0,1
elle;1;1;0,1,0;-2=-1%1,16=1%2,236=1%2,66=2%2;101.391141599083,90.5416487878154,-3.85416666666671|-1.22460635382238E-16,0,-1|0,1,0
stick;1;1;-1,1.27675647831893E-15,1.46200032230816E-15;-1=-1%1,48=1%2,40=3%2,15=0%2;82.6411415990833,85.6458154544821,-20|-1,1.27675647831893E-15,1.46200032230816E-15|1.46200032230816E-15,-8.65927457071934E-17,1
elle;1;1;0,-1,0;79=1%2,28=1%2,117=3%2,148=0%2;68.8911415990833,75.5416487878154,-1.35416666666669|-1,0,3.38786073847408E-16|0,-1,0
elle;1;1;-8.65927457071941E-17,1,-2.33482937844753E-16;130=2%2,-2=-1%1,220=0%2,12=1%2;128.891141599083,70.5416487878154,-26.3541666666667|1.69641613141367E-15,2.33482937844754E-16,1|-8.65927457071941E-17,1,-2.33482937844753E-16
elle;1;1;-1.69641613141367E-15,-1.11022302462516E-16,-1;-1=-1%1,12=2%2,160=3%2,158=1%2;118.891141599083,71.7916487878154,-30.1041666666667|-1,-8.65927457071937E-17,1.69641613141367E-15|-1.69641613141367E-15,-1.11022302462516E-16,-1
elle;1;1;0,-1,0;95=0%2,33=3%2,65=1%2,265=0%2;96.3911415990834,50.5416487878154,-3.85416666666669|1,0,-3.67381906146713E-16|0,-1,0
elle;1;1;-1,1.27675647831893E-15,1.46200032230816E-15;71=2%2,283=1%2,294=1%2,35=2%2;82.6411415990833,91.7916487878154,-21.3541666666666|1.46200032230816E-15,-8.65927457071934E-17,1|-1,1.27675647831893E-15,1.46200032230816E-15
elle;1;1;0,8.65927457071935E-17,-1;45=3%2,-2=-1%1,-1=-1%1,11=2%2;96.3911415990833,96.7916487878154,-10.1041666666667|8.65927457071935E-17,-1,-8.65927457071935E-17|0,8.65927457071935E-17,-1
elle;1;1;-1,1.22460635382238E-16,3.06151588455594E-16;22=0%2,-1=-1%1,47=0%2,59=2%2;87.6411415990833,79.2916487878154,8.64583333333331|1.22460635382238E-16,1,-3.74915180455534E-32|-1,1.22460635382238E-16,3.06151588455594E-16
elle;1;1;6.12303176911189E-17,-1,-1.02319149137955E-31;26=1%2,-1=-1%1,-1=-1%1,321=2%2;106.391141599083,60.5416487878154,-23.8541666666667|1,6.12303176911189E-17,-1.6710537033976E-15|6.12303176911189E-17,-1,-1.02319149137955E-31
elle;1;1;-9.43689570931383E-16,8.65927457071936E-17,1;27=2%2,131=3%2,53=0%2,-1=-1%1;96.3911415990834,66.7916487878154,14.8958333333333|1,-8.65927457071934E-17,9.43689570931383E-16|-9.43689570931383E-16,8.65927457071936E-17,1
elle;1;1;0,8.65927457071935E-17,-1;267=3%2,-2=-1%1,323=0%2,41=0%2;86.3911415990833,101.791648787815,-10.1041666666667|8.65927457071935E-17,-1,-8.65927457071935E-17|0,8.65927457071935E-17,-1
stick;1;1;-1.0547118733939E-15,1.23259516440783E-32,1;4=3%2,50=1%2,187=0%2,-1=-1%1;82.5369749324167,80.4374821211487,-15.1041666666667|-1.0547118733939E-15,1.23259516440783E-32,1|-1,-1.23259516440783E-32,-1.0547118733939E-15
elle;1;1;1,-1.22460635382238E-16,-3.06151588455594E-16;42=2%2,-1=-1%1,-1=-1%1,-1=-1%1;87.6411415990833,94.2916487878154,13.6458333333333|3.06151588455594E-16,0,1|1,-1.22460635382238E-16,-3.06151588455594E-16
stick;1;1;-1,1.15429584293669E-15,1.46200032230816E-15;78=0%2,35=1%2,-1=-1%1,81=3%2;82.6411415990833,85.4374821211488,-25.2083333333333|-1,1.15429584293669E-15,1.46200032230816E-15|-1.46200032230816E-15,8.65927457071934E-17,-1
stick;1;1;2.88657986402541E-15,0,1;-1=-1%1,24=2%2,63=0%2,-2=-1%1;92.5369749324167,90.6458154544821,-5.10416666666666|2.88657986402541E-15,0,1|0,1,0
stick;1;1;5.22543914364252E-32,1,-6.12303176911189E-17;80=0%2,46=1%2,84=2%2,83=0%2;87.74530826575,80.5416487878154,-15.2083333333334|5.22543914364252E-32,1,-6.12303176911189E-17|1,1.23259516440783E-32,1.0547118733939E-15
elle;1;1;-3.06151588455594E-16,0,-1;96=2%2,22=3%2,-1=-1%1,75=2%2;86.3911415990833,66.7916487878153,-10.1041666666667|0,-1,0|-3.06151588455594E-16,0,-1
elle;1;1;-1,0,1.22460635382238E-16;116=2%2,16=3%2,54=2%2,-1=-1%1;97.6411415990833,86.7916487878154,-1.35416666666666|1.22460635382238E-16,-1.22460635382238E-16,1|-1,0,1.22460635382238E-16
elle;1;1;9.43689570931383E-16,-8.65927457071936E-17,-1;44=2%2,235=3%2,-1=-1%1,61=2%2;111.391141599083,61.7916487878154,14.8958333333333|-8.65927457071935E-17,-1,8.65927457071935E-17|9.43689570931383E-16,-8.65927457071936E-17,-1
stick;1;1;6.12303176911189E-17,1,1.22460635382238E-16;72=0%2,-1=-1%1,52=2%2,122=3%2;97.74530826575,85.5416487878154,9.79166666666667|6.12303176911189E-17,1,1.22460635382238E-16|1,-6.12303176911189E-17,-1.22460635382238E-16
stick;1;1;-7.21644966006352E-16,-8.65927457071937E-17,1;26=0%2,377=1%2,90=1%2,-1=-1%1;92.5369749324166,60.4374821211488,-25.1041666666667|-7.21644966006352E-16,-8.65927457071937E-17,1|-1,-8.65927457071934E-17,-7.21644966006352E-16
elle;1;1;-6.12303176911189E-17,1,8.73225419197341E-32;106=3%2,-1=-1%1,-1=-1%1,21=2%2;101.391141599083,90.5416487878154,-26.3541666666667|1,6.12303176911189E-17,-1.42613243263312E-15|-6.12303176911189E-17,1,8.73225419197341E-32
elle;1;1;1.58328525057282E-16,2.09053381089431E-16,1;-1=-1%1,69=0%2,30=1%2,-1=-1%1;143.891141599083,94.2916487878155,-0.104166666666708|-1,-1.27675647831893E-15,1.58328525057282E-16|1.58328525057282E-16,2.09053381089431E-16,1
stick;1;1;2.8078916043952E-16,8.65927457071936E-17,1;-1=-1%1,20=0%2,169=1%2,-1=-1%1;132.74530826575,70.4374821211488,4.8958333333333|2.8078916043952E-16,8.65927457071936E-17,1|1.21552616062781E-15,-1,8.65927457071932E-17
elle;1;1;-1,1.22460635382238E-16,3.06151588455594E-16;68=2%2,-2=-1%1,42=3%2,112=2%2;87.6411415990833,79.2916487878154,21.1458333333333|-3.06151588455594E-16,0,-1|-1,1.22460635382238E-16,3.06151588455594E-16
stick;1;1;1.38777878078145E-15,-1,1.97615048169707E-16;121=3%2,103=2%2,-1=-1%1,12=0%2;122.74530826575,50.5416487878154,-25.2083333333334|1.38777878078145E-15,-1,1.97615048169707E-16|-1.78300887712086E-15,-1.97615048169709E-16,-1
stick;1;1;-9.43689570931383E-16,2.09053381089431E-16,1;291=0%2,226=1%2,53=3%2,-1=-1%1;117.536974932417,60.645815454482,14.8958333333333|-9.43689570931383E-16,2.09053381089431E-16,1|8.65927457071936E-17,1,-2.09053381089431E-16
elle;1;1;7.49830360911069E-33,1.22460635382238E-16,1;76=1%2,32=3%2,156=2%2,167=1%2;123.891141599083,91.7916487878154,9.89583333333334|-1.22460635382238E-16,-1,1.22460635382238E-16|7.49830360911069E-33,1.22460635382238E-16,1
elle;1;1;-2.88657986402541E-15,0,-1;49=2%2,115=3%2,219=2%2,88=1%2;83.8911415990833,94.2916487878155,-5.10416666666663|0,1,0|-2.88657986402541E-15,0,-1
elle;1;1;2.77555756156289E-16,0,1;159=3%2,28=2%2,93=0%2,67=2%2;68.8911415990833,79.2916487878154,4.89583333333332|-1,6.12303176911189E-17,2.77555756156289E-16|2.77555756156289E-16,0,1
stick;1;1;3.67381906146713E-16,6.12303176911189E-17,1;-1=-1%1,39=2%2,215=3%2,105=3%2;107.74530826575,50.645815454482,-5.1041666666667|3.67381906146713E-16,6.12303176911189E-17,1|1,0,-3.67381906146713E-16
elle;1;1;0,1,0;-1=-1%1,342=1%2,34=3%2,-2=-1%1;113.891141599083,90.5416487878154,-3.8541666666667|-1,0,1.22460635382238E-16|0,1,0
elle;1;1;2.77555756156289E-16,0,1;-1=-1%1,135=1%2,64=3%2,-1=-1%1;68.8911415990833,91.7916487878154,4.89583333333332|-6.12303176911189E-17,-1,1.69948271264483E-32|2.77555756156289E-16,0,1
elle;1;1;-1,1.22460635382238E-16,4.28612223837832E-16;100=2%2,114=3%2,59=0%2,89=1%2;87.6411415990833,64.2916487878154,23.6458333333333|1.22460635382238E-16,1,-3.74915180455534E-32|-1,1.22460635382238E-16,4.28612223837832E-16
elle;1;1;1,1.33798679601005E-15,-1.58328525057282E-16;57=1%2,-1=-1%1,-1=-1%1,-1=-1%1;147.641141599083,99.2916487878155,-8.85416666666671|-1.33798679601005E-15,1,-2.09053381089431E-16|1,1.33798679601005E-15,-1.58328525057282E-16
stick;1;1;1,0,-1.55095120774051E-16;-1=-1%1,29=0%2,-1=-1%1,393=0%2;92.6411415990833,90.6458154544821,15|1,0,-1.55095120774051E-16|0,1,0
stick;1;1;-1.40077000461705E-15,8.65927457071934E-17,-1;277=0%2,-1=-1%1,40=0%2,-1=-1%1;82.74530826575,100.437482121149,-25.1041666666667|-1.40077000461705E-15,8.65927457071934E-17,-1|1,-1.27675647831893E-15,-1.40077000461705E-15
stick;1;1;0,-1,-1.22460635382238E-16;54=0%2,309=2%2,139=0%2,-1=-1%1;97.5369749324166,105.541648787815,9.79166666666667|0,-1,-1.22460635382238E-16|-1,-1.49966072182214E-32,1.22460635382238E-16
stick;1;1;1.66533453693773E-16,1,-2.95822839457879E-31;-1=-1%1,128=2%2,134=1%2,23=3%2;107.74530826575,100.541648787815,-10|1.66533453693774E-16,1,-2.9582283945788E-31|1.60982338570648E-15,2.77333911991763E-32,1
stick;1;1;-2.77555756156289E-16,8.65927457071935E-17,-1;119=0%2,85=2%2,118=2%2,28=3%2;62.5369749324166,80.4374821211487,-10.1041666666667|-2.77555756156289E-16,8.65927457071935E-17,-1|8.65927457071935E-17,-1,-8.65927457071935E-17
stick;1;1;-3.06151588455594E-16,0,-1;242=3%2,-1=-1%1,51=3%2,-1=-1%1;92.5369749324166,65.4374821211487,-10.1041666666667|-3.06151588455594E-16,0,-1|0,-1,0
stick;1;1;1.22460635382238E-16,1,-1.83690953073357E-16;77=0%2,62=0%2,-1=-1%1,177=3%2;132.74530826575,95.5416487878154,9.79166666666667|1.22460635382238E-16,1,-1.83690953073357E-16|1,-1.22460635382238E-16,7.49830360911069E-33
stick;1;1;1,2.33146835171283E-15,8.65927457071932E-17;76=0%2,97=1%2,137=2%2,-1=-1%1;122.641141599083,105.645815454482,10|1,2.33146835171283E-15,8.65927457071932E-17|-2.33146835171283E-15,1,-9.70982073661632E-17
stick;1;1;1,-1.15429584293669E-15,-1.38777878078145E-15;48=0%2,185=2%2,-2=-1%1,245=0%2;62.6411415990833,85.4374821211488,-24.9999999999999|1,-1.15429584293669E-15,-1.38777878078145E-15|1.38777878078145E-15,-8.65927457071933E-17,1
elle;1;1;-3.38786073847408E-16,0,-1;178=3%2,36=0%2,-1=-1%1,107=2%2;68.8911415990833,76.7916487878154,-10.1041666666667|-1,0,3.38786073847408E-16|-3.38786073847408E-16,0,-1
stick;1;1;0,-1,6.12303176911189E-17;50=0%2,133=3%2,-2=-1%1,129=3%2;87.5369749324167,100.541648787815,-15.2083333333334|0,-1,6.12303176911189E-17|-1,-6.45803430805035E-32,-1.0547118733939E-15
stick;1;1;1.11022302462516E-15,1,-1.77493703674728E-30;203=0%2,166=1%2,-1=-1%1,48=3%2;92.74530826575,95.5416487878154,-25|1.11022302462516E-15,1,-1.77493703674728E-30|1.37540757660097E-15,2.4792787696099E-31,1
stick;1;1;-1.47823063398312E-16,-1,1.27675647831893E-15;8=3%2,-2=-1%1,144=3%2,-1=-1%1;112.536974932417,115.541648787815,4.99999999999999|-1.47823063398312E-16,-1,1.27675647831893E-15|-8.65927457071934E-17,1.27675647831893E-15,1
stick;1;1;8.65927457071924E-17,1,1.27675647831893E-15;50=3%2,-1=-1%1,-1=-1%1,394=0%2;87.74530826575,60.5416487878154,-15|8.65927457071924E-17,1,1.27675647831893E-15|-9.68119127686705E-16,-1.27675647831893E-15,1
elle;1;1;-5.22543914364252E-32,-1,6.12303176911189E-17;87=3%2,146=1%2,50=2%2,92=0%2;86.3911415990833,80.5416487878154,-26.3541666666667|-1.0547118733939E-15,6.12303176911189E-17,1|-5.22543914364252E-32,-1,6.12303176911189E-17
stick;1;1;-1.55095120774051E-16,8.65927457071935E-17,-1;-1=-1%1,327=0%2,74=1%2,-1=-1%1;62.74530826575,85.4374821211487,-10.1041666666667|-1.55095120774051E-16,8.65927457071935E-17,-1|1,8.65927457071935E-17,-1.55095120774051E-16
stick;1;1;-1,-1.27675647831893E-15,1.75764644910479E-15;26=3%2,-2=-1%1,-1=-1%1,-1=-1%1;122.641141599083,60.4374821211488,-15|-1,-1.27675647831893E-15,1.75764644910479E-15|1.27675647831893E-15,-1,8.65927457071913E-17
elle;1;1;-1.0547118733939E-15,1.23259516440783E-32,1;-1=-1%1,335=0%2,387=0%2,84=0%2;76.3911415990833,79.2916487878154,-30.1041666666667|-1.23259516440783E-32,1,-1.23259516440783E-32|-1.0547118733939E-15,1.23259516440783E-32,1
stick;1;1;-2.88657986402541E-15,0,-1;-1=-1%1,63=3%2,-1=-1%1,-1=-1%1;77.5369749324167,95.6458154544821,-5.10416666666661|-2.88657986402541E-15,0,-1|-1,0,2.88657986402541E-15
stick;1;1;-1.83690953073357E-16,-1,6.37355806774408E-32;-1=-1%1,68=3%2,270=2%2,-1=-1%1;87.5369749324166,65.5416487878154,30|-1.83690953073357E-16,-1,6.37355806774408E-32|4.28612223837832E-16,-1.49966072182214E-32,1
elle;1;1;8.65927457071935E-17,-1,-8.65927457071936E-17;155=2%2,55=2%2,-1=-1%1,-1=-1%1;93.8911415990833,55.5416487878154,-28.8541666666667|6.60414648315233E-16,8.65927457071937E-17,-1|8.65927457071935E-17,-1,-8.65927457071936E-17
stick;1;1;2.33146835171283E-15,-1.73185491414384E-16,-1;14=0%2,191=1%2,94=2%2,-1=-1%1;142.74530826575,80.4374821211488,9.89583333333329|2.33146835171283E-15,-1.73185491414384E-16,-1|1,1.19016373261174E-15,2.33146835171283E-15
elle;1;1;1.81415077597432E-31,1,-1.83690953073357E-16;84=3%2,-2=-1%1,202=1%2,-2=-1%1;96.3911415990833,80.5416487878154,-28.8541666666667|1.0547118733939E-15,-1.83690953073357E-16,-1|1.81415077597432E-31,1,-1.83690953073357E-16
elle;1;1;-6.12303176911189E-17,-1,-6.12303176911189E-17;64=2%2,-1=-1%1,-2=-1%1,-1=-1%1;53.8911415990833,80.5416487878154,1.14583333333328|-2.77555756156289E-16,6.12303176911189E-17,-1|-6.12303176911189E-17,-1,-6.12303176911189E-17
elle;1;1;-2.33146835171283E-15,1.73185491414384E-16,1;-1=-1%1,132=3%2,91=2%2,186=0%2;141.391141599083,69.2916487878155,9.89583333333329|-1.19016373261174E-15,1,-1.73185491414387E-16|-2.33146835171283E-15,1.73185491414384E-16,1
elle;1;1;0,1,0;39=0%2,98=3%2,244=2%2,301=2%2;96.3911415990834,50.5416487878154,8.6458333333333|1,0,-3.67381906146713E-16|0,1,0
stick;1;1;-3.06151588455594E-16,1.22460635382238E-16,-1;385=0%2,-2=-1%1,51=0%2,113=3%2;77.74530826575,70.645815454482,-10.1041666666667|-3.06151588455594E-16,1.22460635382238E-16,-1|3.74915180455534E-32,1,1.22460635382238E-16
stick;1;1;2.53624280160746E-17,-9.70982073661631E-17,-1;246=3%2,77=1%2,157=2%2,238=0%2;122.536974932417,100.437482121149,9.89583333333334|2.53624280160746E-17,-9.70982073661631E-17,-1|2.33146835171283E-15,-1,9.70982073661632E-17
elle;1;1;1,0,-4.28612223837832E-16;-1=-1%1,207=0%2,217=0%2,95=1%2;92.6411415990833,44.2916487878154,8.64583333333331|4.28612223837832E-16,0,1|1,0,-4.28612223837832E-16
elle;1;1;1,-6.12303176911189E-17,6.12303176911189E-17;211=1%2,111=0%2,32=1%2,-1=-1%1;127.641141599083,106.791648787815,3.64583333333333|-6.12303176911189E-17,-1,1.22460635382238E-16|1,-6.12303176911189E-17,6.12303176911189E-17
elle;1;1;1,-1.22460635382238E-16,-4.28612223837832E-16;150=1%2,223=1%2,68=0%2,-2=-1%1;87.6411415990833,59.2916487878154,8.64583333333335|4.28612223837832E-16,-1.49966072182214E-32,1|1,-1.22460635382238E-16,-4.28612223837832E-16
stick;1;1;-2.19558842748401E-16,1.27675647831893E-15,-1;171=0%2,123=0%2,-1=-1%1,17=0%2;92.5369749324166,75.6458154544821,-25.1041666666667|-2.19558842748401E-16,1.27675647831893E-15,-1|-1,-8.65927457071934E-17,2.19558842748401E-16
stick;1;1;-1,8.65927457071936E-17,2.66453525910038E-15;21=3%2,-1=-1%1,-1=-1%1,339=0%2;122.641141599083,90.6458154544821,-20|-1,8.65927457071936E-17,2.66453525910038E-15|2.66453525910038E-15,8.65927457071934E-17,1
elle;1;1;-1,-1.32654846309033E-15,1.78300887712086E-15;-2=-1%1,216=1%2,60=1%2,-1=-1%1;122.641141599083,49.2916487878154,-13.8541666666667|-1.78300887712086E-15,-1.97615048169709E-16,-1|-1,-1.32654846309033E-15,1.78300887712086E-15
stick;1;1;-1.55431223447522E-15,-8.65927457071935E-17,-1;-1=-1%1,109=0%2,188=0%2,15=3%2;112.74530826575,85.6458154544821,-30.1041666666667|-1.55431223447522E-15,-8.65927457071935E-17,-1|-8.65927457071937E-17,1,-8.65927457071934E-17
stick;1;1;8.65927457071935E-17,-1,0;-1=-1%1,127=1%2,-1=-1%1,65=3%2;107.536974932417,40.5416487878154,-15.2083333333334|8.65927457071935E-17,-1,0|-1,-8.65927457071935E-17,4.53974651853907E-16
elle;1;1;-6.12303176911189E-17,1,8.73225419197341E-32;172=3%2,313=0%2,234=0%2,56=0%2;96.3911415990832,90.5416487878154,-36.3541666666667|1,6.12303176911189E-17,-1.42613243263312E-15|-6.12303176911189E-17,1,8.73225419197341E-32
elle;1;1;4.61246709229646E-16,0,1;124=1%2,143=1%2,79=3%2,367=0%2;66.3911415990833,64.2916487878154,-10.1041666666667|0,1,0|4.61246709229646E-16,0,1
stick;1;1;0,1,0;8=0%2,351=1%2,-1=-1%1,-1=-1%1;112.74530826575,75.5416487878154,4.79166666666667|0,1,0|1,0,0
elle;1;1;-1,-8.65927457071935E-17,1.61554255216634E-15;104=1%2,331=3%2,-1=-1%1,374=0%2;112.641141599083,76.7916487878154,-26.3541666666666|1.61554255216634E-15,8.65927457071935E-17,1|-1,-8.65927457071935E-17,1.61554255216634E-15
elle;1;1;1,-1.16573417585641E-15,-1.55431223447522E-15;345=2%2,31=2%2,-1=-1%1,126=0%2;157.641141599083,76.7916487878154,-18.8541666666668|-1.55431223447522E-15,1.35585468084862E-31,-1|1,-1.16573417585641E-15,-1.55431223447522E-15
elle;1;1;6.12303176911189E-17,0,-1;99=1%2,227=1%2,395=0%2,-1=-1%1;118.891141599083,114.291648787815,4.89583333333333|6.12303176911189E-17,1,3.74915180455534E-33|6.12303176911189E-17,0,-1
stick;1;1;1,-1.22460635382238E-16,-1.83690953073357E-16;-1=-1%1,-1=-1%1,59=3%2,162=3%2;87.6411415990833,85.4374821211488,20|1,-1.22460635382238E-16,-1.83690953073357E-16|1.83690953073357E-16,1.49966072182214E-32,1
stick;1;1;-1,8.65927457071935E-17,2.77555756156289E-16;-1=-1%1,-1=-1%1,-2=-1%1,96=3%2;67.6411415990833,70.4374821211487,-2.22044604925031E-14|-1,8.65927457071935E-17,2.77555756156289E-16|-8.65927457071936E-17,-1,-2.09053381089431E-16
elle;1;1;1.22460635382238E-16,1,-6.12303176911189E-17;-1=-1%1,125=1%2,-1=-1%1,68=1%2;93.8911415990833,60.5416487878154,23.6458333333333|4.28612223837832E-16,6.12303176911189E-17,1|1.22460635382238E-16,1,-6.12303176911189E-17
elle;1;1;1,0,-2.88657986402541E-15;-1=-1%1,-1=-1%1,-1=-1%1,63=1%2;82.6411415990834,89.2916487878154,1.14583333333337|0,1,0|1,0,-2.88657986402541E-15
elle;1;1;-6.12303176911189E-17,1.22460635382238E-16,-1;175=1%2,-2=-1%1,52=0%2,-2=-1%1;96.3911415990833,101.791648787815,-5.1041666666667|-1.49966072182214E-32,-1,-1.22460635382238E-16|-6.12303176911189E-17,1.22460635382238E-16,-1
elle;1;1;0,-1,0;-1=-1%1,-2=-1%1,-1=-1%1,36=2%2;56.3911415990833,75.5416487878154,-1.35416666666668|3.38786073847408E-16,0,1|0,-1,0
stick;1;1;2.77555756156289E-16,-8.65927457071935E-17,1;-1=-1%1,-2=-1%1,74=2%2,320=0%2;57.74530826575,80.4374821211487,-10.1041666666667|2.77555756156289E-16,-8.65927457071935E-17,1|8.65927457071935E-17,-1,-8.65927457071935E-17
stick;1;1;2.77555756156289E-16,-2.22044604925031E-16,1;74=0%2,388=1%2,-1=-1%1,-1=-1%1;62.5369749324166,80.6458154544821,-30.1041666666667|2.77555756156289E-16,-2.22044604925031E-16,1|-8.65927457071935E-17,1,2.22044604925031E-16
elle;1;1;-7.49830360911069E-33,-1.22460635382238E-16,-1;-2=-1%1,32=0%2,-1=-1%1,-1=-1%1;131.391141599083,94.2916487878154,-5.10416666666667|1,6.12303176911189E-17,-1.49966072182214E-32|-7.49830360911069E-33,-1.22460635382238E-16,-1
stick;1;1;1.78300887712086E-15,1.4432899320127E-15,1;-1=-1%1,359=2%2,355=2%2,60=0%2;122.536974932417,40.4374821211488,-15.1041666666667|1.78300887712086E-15,1.4432899320127E-15,1|-1,-1.38777878078145E-15,1.78300887712086E-15
stick;1;1;2.09053381089431E-16,-1.66533453693773E-16,1;-1=-1%1,-1=-1%1,241=0%2,54=3%2;97.5369749324166,75.4374821211487,19.8958333333333|2.09053381089431E-16,-1.66533453693774E-16,1|-1,1.47823063398312E-16,2.09053381089431E-16
elle;1;1;8.65927457071932E-17,-1,-1.21552616062781E-15;101=1%2,163=2%2,-2=-1%1,239=1%2;101.391141599083,75.5416487878154,-21.3541666666667|2.19558842748401E-16,-1.21552616062781E-15,1|8.65927457071932E-17,-1,-1.21552616062781E-15
stick;1;1;4.61246709229646E-16,-1.22460635382238E-16,1;152=3%2,107=0%2,140=1%2,-1=-1%1;57.5369749324166,60.4374821211487,-10.1041666666667|4.61246709229646E-16,-1.22460635382238E-16,1|-1,0,4.61246709229646E-16
stick;1;1;1,-1.22460635382238E-16,-5.5107285922007E-16;-1=-1%1,114=1%2,170=3%2,-1=-1%1;92.6411415990833,55.4374821211487,19.7916666666666|1,-1.22460635382238E-16,-5.5107285922007E-16|-1.22460635382238E-16,-1,6.12303176911189E-17
elle;1;1;1.61554255216634E-15,-2.06963742015945E-31,1;110=3%2,346=0%2,259=0%2,354=2%2;161.391141599083,66.7916487878154,-20.1041666666668|1,-1.16573417585641E-15,-1.61554255216634E-15|1.61554255216634E-15,-2.06963742015945E-31,1
elle;1;1;1,8.65927457071935E-17,-4.53974651853907E-16;164=3%2,105=1%2,-2=-1%1,-1=-1%1;112.641141599083,44.2916487878154,-13.8541666666667|-8.65927457071935E-17,1,-6.12303176911188E-17|1,8.65927457071935E-17,-4.53974651853907E-16
elle;1;1;4.40728183115358E-17,1,-9.86828447910792E-32;-2=-1%1,221=2%2,73=1%2,-2=-1%1;108.891141599083,100.541648787815,-21.3541666666667|1.60982338570648E-15,2.77333911991763E-32,1|4.40728183115358E-17,1,-9.86828447910792E-32
stick;1;1;-1.14130461910109E-15,-1.11022302462516E-16,1;-1=-1%1,-2=-1%1,165=1%2,80=3%2;87.74530826575,110.645815454482,-5.10416666666669|-1.14130461910109E-15,-1.11022302462516E-16,1|1,-8.65927457071937E-17,1.14130461910109E-15
stick;1;1;-1.69641613141367E-15,-2.94713255535872E-16,-1;-1=-1%1,-1=-1%1,37=0%2,-1=-1%1;137.536974932417,70.4374821211487,-30.1041666666668|-1.69641613141367E-15,-2.94713255535872E-16,-1|8.65927457071942E-17,-1,2.94713255535872E-16
elle;1;1;3.58678896750442E-17,-1,8.65927457071937E-17;-1=-1%1,-1=-1%1,372=2%2,44=1%2;93.8911415990833,65.5416487878154,8.64583333333331|-1,-3.58678896750443E-17,-9.43689570931383E-16|3.58678896750442E-17,-1,8.65927457071937E-17
elle;1;1;-1,-1.19016373261174E-15,-2.33146835171283E-15;-1=-1%1,-1=-1%1,-1=-1%1,94=1%2;142.641141599083,64.2916487878154,3.64583333333329|-1.19016373261174E-15,1,-1.73185491414387E-16|-1,-1.19016373261174E-15,-2.33146835171283E-15
elle;1;1;1.0547118733939E-15,-1.22460635382238E-16,-1;-1=-1%1,210=2%2,-2=-1%1,80=1%2;93.8911415990833,99.2916487878154,-15.1041666666667|6.45803430805036E-32,1,-1.22460635382238E-16|1.0547118733939E-15,-1.22460635382238E-16,-1
elle;1;1;1,-1.66533453693774E-16,-1.60982338570648E-15;141=3%2,73=2%2,-1=-1%1,338=1%2;112.641141599083,96.7916487878154,-11.3541666666667|-1.66533453693773E-16,-1,6.12303176911193E-17|1,-1.66533453693774E-16,-1.60982338570648E-15
elle;1;1;-2.77555756156289E-16,0,-1;-1=-1%1,67=1%2,-1=-1%1,-1=-1%1;63.8911415990832,96.7916487878154,-0.10416666666669|-1,0,2.77555756156289E-16|-2.77555756156289E-16,0,-1
stick;1;1;1.48736275032424E-15,0,1;-1=-1%1,9=2%2,201=1%2,-1=-1%1;122.536974932417,100.645815454482,-25.1041666666667|1.48736275032424E-15,0,1|0,1,0
elle;1;1;-1,-2.33146835171283E-15,-8.65927457071932E-17;-1=-1%1,328=2%2,77=2%2,-1=-1%1;122.641141599083,104.291648787815,21.1458333333333|8.65927457071934E-17,-9.7098207366163E-17,-1|-1,-2.33146835171283E-15,-8.65927457071932E-17
elle;1;1;-1.16573417585641E-15,-1,1.67632942359465E-30;-1=-1%1,-1=-1%1,-1=-1%1,31=1%2;151.391141599083,75.5416487878154,-8.85416666666675|1,-1.16573417585641E-15,-1.55431223447522E-15|-1.16573417585641E-15,-1,1.67632942359465E-30
elle;1;1;1,6.12303176911189E-17,-1.22460635382238E-16;72=2%2,-1=-1%1,209=3%2,-1=-1%1;97.6411415990833,109.291648787815,1.14583333333334|-6.12303176911189E-17,1,1.22460635382238E-16|1,6.12303176911189E-17,-1.22460635382238E-16
elle;1;1;-5.64845650802287E-32,-1,-1.22460635382238E-16;161=3%2,124=2%2,-2=-1%1,147=2%2;53.8911415990832,55.5416487878154,-11.3541666666667|-1,0,4.61246709229646E-16|-5.64845650802287E-32,-1,-1.22460635382238E-16
elle;1;1;-1,4.40728183115358E-17,1.60982338570648E-15;183=0%2,-2=-1%1,318=2%2,134=0%2;112.641141599083,99.2916487878154,-21.3541666666667|4.40728183115357E-17,1,-6.12303176911191E-17|-1,4.40728183115358E-17,1.60982338570648E-15
elle;1;1;1.54859306801536E-15,0,1;-2=-1%1,260=2%2,174=1%2,9=1%2;116.391141599083,84.2916487878154,-25.1041666666667|0,1,0|1.54859306801536E-15,0,1
elle;1;1;-4.61246709229646E-16,0,-1;-1=-1%1,107=1%2,-1=-1%1,-1=-1%1;71.3911415990833,59.2916487878154,-15.1041666666667|1,6.12303176911189E-17,-4.61246709229646E-16|-4.61246709229646E-16,0,-1
elle;1;1;-8.65927457071934E-17,1.21552616062781E-15,1;352=0%2,-2=-1%1,-1=-1%1,82=2%2;106.391141599083,114.291648787815,4.89583333333332|1.47823063398312E-16,1,-1.21552616062781E-15|-8.65927457071934E-17,1.21552616062781E-15,1
stick;1;1;1.22460635382238E-16,8.65927457071935E-17,-1;-1=-1%1,-1=-1%1,11=1%2,-1=-1%1;102.74530826575,100.437482121149,-10.1041666666667|1.22460635382238E-16,8.65927457071935E-17,-1|1,8.65927457071935E-17,1.22460635382238E-16
elle;1;1;5.22543914364252E-32,1,-6.12303176911189E-17;-1=-1%1,84=1%2,362=0%2,-1=-1%1;91.3911415990834,85.5416487878154,-31.3541666666667|1,1.60751034486337E-32,1.11594219108502E-15|5.22543914364252E-32,1,-6.12303176911189E-17
stick;1;1;1,-6.12303176911189E-17,-4.61246709229646E-16;-1=-1%1,330=3%2,140=3%2,-1=-1%1;52.6411415990833,55.4374821211487,-5.20833333333336|1,-6.12303176911189E-17,-4.61246709229646E-16|-6.12303176911189E-17,-1,-1.22460635382238E-16
elle;1;1;1,-6.12303176911189E-17,-3.38786073847408E-16;36=3%2,-1=-1%1,151=3%2,-1=-1%1;67.6411415990833,71.7916487878154,8.64583333333331|-6.12303176911189E-17,-1,2.07439789310036E-32|1,-6.12303176911189E-17,-3.38786073847408E-16
stick;1;1;1.60982338570648E-15,0,1;222=0%2,19=2%2,-1=-1%1,-1=-1%1;117.74530826575,70.6458154544821,-15.1041666666667|1.60982338570648E-15,0,1|1,0,-1.60982338570648E-15
elle;1;1;-1.22460635382238E-16,-1,3.74915180455534E-32;154=3%2,100=0%2,230=2%2,-1=-1%1;86.3911415990833,50.5416487878154,8.64583333333335|4.28612223837832E-16,-1.49966072182214E-32,1|-1.22460635382238E-16,-1,3.74915180455534E-32
elle;1;1;-1,6.12303176911189E-17,4.61246709229646E-16;249=1%2,214=0%2,257=0%2,148=2%2;67.6411415990833,59.2916487878154,11.1458333333333|-4.61246709229646E-16,7.49830360911069E-33,-1|-1,6.12303176911189E-17,4.61246709229646E-16
stick;1;1;1.72084568816899E-15,-3.58678896750442E-17,1;-1=-1%1,-1=-1%1,-1=-1%1,124=0%2;57.74530826575,60.4374821211487,9.89583333333331|1.72084568816899E-15,-3.58678896750442E-17,1|-8.65927457071935E-17,-1,-3.5867889675044E-17
stick;1;1;-6.12303176911189E-17,-1,9.51710319081105E-32;-1=-1%1,10=2%2,-1=-1%1,-1=-1%1;142.536974932417,85.5416487878154,-10.0000000000001|-6.12303176911189E-17,-1,9.51710319081105E-32|1.55431223447522E-15,0,1
elle;1;1;1.22460635382238E-16,1,1.22460635382238E-16;-2=-1%1,-1=-1%1,-1=-1%1,150=0%2;76.3911415990833,50.5416487878154,6.1458333333333|-4.28612223837832E-16,1.22460635382238E-16,-1|1.22460635382238E-16,1,1.22460635382238E-16
elle;1;1;-8.65927457071935E-17,1,8.65927457071936E-17;173=2%2,-1=-1%1,90=0%2,-1=-1%1;108.891141599083,55.5416487878154,-23.8541666666667|-1,-8.65927457071934E-17,-6.60414648315233E-16|-8.65927457071935E-17,1,8.65927457071936E-17
elle;1;1;1,-1.22460635382238E-16,-6.12303176911189E-17;243=0%2,-2=-1%1,62=2%2,-2=-1%1;122.641141599083,74.2916487878154,11.1458333333333|1.22460635382238E-16,1,-1.22460635382238E-16|1,-1.22460635382238E-16,-6.12303176911189E-17
stick;1;1;-2.53624280160746E-17,9.70982073661631E-17,1;272=0%2,-1=-1%1,97=2%2,290=0%2;117.74530826575,100.437482121149,9.89583333333334|-2.53624280160746E-17,9.70982073661631E-17,1|2.33146835171283E-15,-1,9.70982073661632E-17
stick;1;1;1.81887676679591E-15,1.11022302462516E-16,1;371=3%2,38=3%2,192=0%2,-1=-1%1;117.74530826575,65.4374821211487,-30.1041666666667|1.81887676679591E-15,1.11022302462516E-16,1|8.65927457071939E-17,-1,1.11022302462516E-16
elle;1;1;2.77555756156289E-16,0,1;-2=-1%1,-1=-1%1,278=2%2,64=0%2;73.8911415990833,69.2916487878154,4.89583333333331|-1,6.12303176911189E-17,2.77555756156289E-16|2.77555756156289E-16,0,1
elle;1;1;1.69641613141367E-15,-1.14383329197219E-17,1;-1=-1%1,-1=-1%1,197=2%2,38=2%2;106.391141599083,69.2916487878154,-30.1041666666667|-8.65927457071937E-17,1,1.1438332919722E-17|1.69641613141367E-15,-1.14383329197219E-17,1
elle;1;1;-5.64845650802287E-32,-1,-1.22460635382238E-16;218=1%2,-1=-1%1,205=0%2,140=0%2;58.8911415990833,55.5416487878154,-21.3541666666667|-1,0,4.61246709229646E-16|-5.64845650802287E-32,-1,-1.22460635382238E-16
stick;1;1;1.66533453693773E-16,1,8.65927457071935E-17;182=3%2,181=0%2,168=2%2,112=3%2;77.5369749324166,95.5416487878154,19.7916666666666|1.66533453693774E-16,1,8.65927457071935E-17|-9.70982073661631E-17,8.65927457071935E-17,-1
stick;1;1;-1.58328525057282E-16,1.21552616062781E-15,-1;176=0%2,-1=-1%1,123=1%2,-1=-1%1;102.74530826575,80.4374821211488,-25.1041666666667|-1.58328525057282E-16,1.21552616062781E-15,-1|1,8.65927457071934E-17,-1.58328525057282E-16
elle;1;1;-2.53624280160747E-17,1,-6.12303176911189E-17;350=2%2,379=1%2,268=1%2,127=0%2;113.891141599083,40.5416487878154,-3.8541666666667|-1,-2.53624280160746E-17,4.53974651853907E-16|-2.53624280160747E-17,1,-6.12303176911189E-17
elle;1;1;8.65927457071936E-17,1,1.11022302462516E-16;189=0%2,129=2%2,289=1%2,180=0%2;91.3911415990833,115.541648787815,-6.35416666666669|1,-8.65927457071937E-17,1.14130461910109E-15|8.65927457071936E-17,1,1.11022302462516E-16
stick;1;1;-1,1.04899270693404E-15,1.37540757660097E-15;-1=-1%1,81=1%2,-1=-1%1,302=0%2;92.6411415990833,95.4374821211487,-30.2083333333333|-1,1.04899270693404E-15,1.37540757660097E-15|-1.37540757660097E-15,-2.4792787696099E-31,-1
elle;1;1;-1,1.22460635382238E-16,-7.49830360911069E-33;381=1%2,62=3%2,-2=-1%1,-1=-1%1;117.641141599083,86.7916487878153,11.1458333333333|-1.22460635382238E-16,-1,1.22460635382238E-16|-1,1.22460635382238E-16,-7.49830360911069E-33
elle;1;1;-1.66533453693774E-16,-1,-8.65927457071935E-17;-1=-1%1,-1=-1%1,162=2%2,-1=-1%1;66.3911415990833,95.5416487878154,21.1458333333333|1,-1.66533453693774E-16,-9.70982073661631E-17|-1.66533453693774E-16,-1,-8.65927457071935E-17
elle;1;1;1,1.21552616062781E-15,-2.8078916043952E-16;-1=-1%1,58=2%2,-1=-1%1,-1=-1%1;137.641141599083,66.7916487878154,3.6458333333333|1.21552616062781E-15,-1,8.65927457071932E-17|1,1.21552616062781E-15,-2.8078916043952E-16
elle;1;1;1,-1.22460635382238E-16,-5.5107285922007E-16;389=2%2,-1=-1%1,-1=-1%1,125=2%2;92.6411415990833,56.7916487878154,13.6458333333333|-1.22460635382238E-16,-1,6.12303176911189E-17|1,-1.22460635382238E-16,-5.5107285922007E-16
stick;1;1;-1,-1.73185491414384E-16,-2.33146835171283E-15;101=0%2,-1=-1%1,-1=-1%1,-1=-1%1;102.641141599083,75.4374821211488,-35.2083333333333|-1,-1.73185491414384E-16,-2.33146835171283E-15|2.33146835171283E-15,1.19016373261174E-15,-1
elle;1;1;-6.12303176911189E-17,1,8.73225419197341E-32;200=0%2,341=1%2,250=3%2,106=0%2;91.3911415990832,90.5416487878154,-46.3541666666667|1,6.12303176911189E-17,-1.42613243263312E-15|-6.12303176911189E-17,1,8.73225419197341E-32
elle;1;1;1,2.53624280160746E-17,6.60414648315233E-16;-1=-1%1,-2=-1%1,155=0%2,-1=-1%1;112.641141599083,56.7916487878154,-8.85416666666666|6.60414648315233E-16,8.65927457071936E-17,-1|1,2.53624280160746E-17,6.60414648315233E-16
stick;1;1;1.42613243263312E-15,0,1;-1=-1%1,142=2%2,-1=-1%1,-1=-1%1;117.536974932417,95.6458154544821,-25.1041666666667|1.42613243263312E-15,0,1|0,1,0
elle;1;1;-1,7.49830360911069E-33,6.12303176911189E-17;347=1%2,116=0%2,-1=-1%1,-1=-1%1;87.6411415990833,101.791648787815,-3.8541666666667|-1.49966072182214E-32,-1,-1.22460635382238E-16|-1,7.49830360911069E-33,6.12303176911189E-17
stick;1;1;2.22044604925031E-16,-1.21552616062781E-15,1;163=0%2,-2=-1%1,208=3%2,240=0%2;102.536974932417,80.4374821211488,-45.1041666666667|2.22044604925031E-16,-1.21552616062781E-15,1|-1,-8.65927457071933E-17,2.22044604925031E-16
stick;1;1;8.65927457071935E-17,1.66533453693773E-16,1;233=0%2,196=0%2,199=2%2,76=3%2;132.536974932417,85.4374821211487,19.8958333333333|8.65927457071935E-17,1.66533453693774E-16,1|-1,2.09053381089431E-16,8.65927457071935E-17
elle;1;1;-1,0,2.77555756156289E-16;-1=-1%1,-1=-1%1,179=2%2,79=0%2;72.6411415990833,86.7916487878154,-11.3541666666667|2.77555756156289E-16,0,1|-1,0,2.77555756156289E-16
elle;1;1;6.12303176911189E-17,1,-1.69948271264483E-32;193=0%2,-1=-1%1,178=2%2,-1=-1%1;71.3911415990833,85.5416487878154,6.1458333333333|-2.77555756156289E-16,0,-1|6.12303176911189E-17,1,-1.69948271264483E-32
elle;1;1;-2.09053381089431E-16,-1,-1.11022302462516E-16;165=3%2,-1=-1%1,336=3%2,-1=-1%1;88.8911415990833,115.541648787815,3.64583333333331|-1,2.09053381089431E-16,-1.14130461910109E-15|-2.09053381089431E-16,-1,-1.11022302462516E-16
elle;1;1;2.88994089076011E-16,1,8.65927457071935E-17;162=1%2,204=0%2,206=3%2,194=1%2;81.3911415990834,95.5416487878154,28.6458333333333|1,-2.88994089076011E-16,-9.70982073661631E-17|2.88994089076011E-16,1,8.65927457071935E-17
stick;1;1;9.70982073661629E-17,-1.38777878078145E-15,1;-1=-1%1,306=3%2,253=2%2,162=0%2;77.74530826575,105.645815454482,29.8958333333333|9.70982073661629E-17,-1.38777878078145E-15,1|1,-1.66533453693774E-16,-9.70982073661631E-17
elle;1;1;1,-4.40728183115358E-17,-1.60982338570648E-15;141=0%2,-1=-1%1,213=1%2,225=1%2;112.641141599083,99.2916487878154,-33.8541666666667|4.40728183115357E-17,1,-6.12303176911191E-17|1,-4.40728183115358E-17,-1.60982338570648E-15
elle;1;1;-1.22460635382238E-16,-1,1.971399946668E-31;19=1%2,280=1%2,-1=-1%1,198=0%2;98.8911415990832,70.5416487878154,-6.35416666666666|-1,1.22460635382238E-16,1.60982338570648E-15|-1.22460635382238E-16,-1,1.971399946668E-31
stick;1;1;1,-1.03183520755445E-15,-1.38777878078145E-15;-1=-1%1,-1=-1%1,78=1%2,190=3%2;62.6411415990833,85.6458154544821,-29.9999999999999|1,-1.03183520755445E-15,-1.38777878078145E-15|1.03183520755445E-15,1,8.65927457071918E-17
elle;1;1;-2.33146835171283E-15,1.73185491414384E-16,1;94=3%2,229=2%2,-1=-1%1,-1=-1%1;151.391141599083,74.2916487878155,9.89583333333331|-1.19016373261174E-15,1,-1.73185491414387E-16|-2.33146835171283E-15,1.73185491414384E-16,1
elle;1;1;1,1.23259516440783E-32,9.9348155570278E-16;46=2%2,-1=-1%1,370=1%2,343=2%2;82.6411415990833,71.7916487878154,-18.8541666666667|9.9348155570278E-16,-1.23259516440783E-32,-1|1,1.23259516440783E-32,9.9348155570278E-16
elle;1;1;1.55431223447522E-15,8.65927457071935E-17,1;104=2%2,231=3%2,-1=-1%1,-1=-1%1;121.391141599083,89.2916487878155,-30.1041666666667|-8.65927457071937E-17,1,-8.65927457071934E-17|1.55431223447522E-15,8.65927457071935E-17,1
elle;1;1;-1,2.53624280160748E-17,-1.14130461910109E-15;165=0%2,-2=-1%1,254=1%2,-1=-1%1;87.6411415990833,111.791648787815,-18.8541666666667|-2.53624280160747E-17,-1,-1.11022302462516E-16|-1,2.53624280160748E-17,-1.14130461910109E-15
stick;1;1;-1,1.03183520755445E-15,1.4432899320127E-15;-1=-1%1,-1=-1%1,-1=-1%1,185=3%2;42.6411415990833,85.6458154544821,-30.2083333333332|-1,1.03183520755445E-15,1.4432899320127E-15|1.03183520755445E-15,1,8.65927457071918E-17
stick;1;1;-1.19016373261174E-15,1,-1.11955173723268E-16;-1=-1%1,91=1%2,-1=-1%1,-1=-1%1;137.536974932417,80.5416487878154,9.99999999999995|-1.19016373261174E-15,1,-1.11955173723268E-16|-1,-1.19016373261174E-15,-2.33146835171283E-15
elle;1;1;-1.81887676679591E-15,-1.11022302462516E-16,-1;158=2%2,286=2%2,255=2%2,-1=-1%1;126.391141599083,61.7916487878154,-30.1041666666667|8.65927457071939E-17,-1,1.11022302462516E-16|-1.81887676679591E-15,-1.11022302462516E-16,-1
elle;1;1;-6.12303176911189E-17,-1,1.69948271264483E-32;179=0%2,-1=-1%1,-1=-1%1,-1=-1%1;58.8911415990833,85.5416487878154,6.1458333333333|-2.77555756156289E-16,0,-1|-6.12303176911189E-17,-1,1.69948271264483E-32
stick;1;1;2.88994089076011E-16,1,8.65927457071935E-17;-1=-1%1,181=3%2,-1=-1%1,-1=-1%1;82.74530826575,95.5416487878154,35|2.88994089076011E-16,1,8.65927457071935E-17|9.70982073661631E-17,-8.65927457071935E-17,1
elle;1;1;-1,8.65927457071934E-17,-9.43689570931383E-16;-1=-1%1,27=1%2,-1=-1%1,-1=-1%1;87.6411415990833,71.7916487878154,16.1458333333333|-8.65927457071935E-17,-1,8.65927457071935E-17|-1,8.65927457071934E-17,-9.43689570931383E-16
elle;1;1;8.65927457071935E-17,2.88994089076011E-16,1;177=1%2,-1=-1%1,-1=-1%1,299=2%2;141.391141599083,89.2916487878154,19.8958333333333|2.09053381089431E-16,1,-2.88994089076011E-16|8.65927457071935E-17,2.88994089076011E-16,1
stick;1;1;-1.69641613141367E-15,1.14383329197219E-17,-1;232=0%2,-1=-1%1,160=2%2,-1=-1%1;107.74530826575,80.4374821211487,-30.1041666666667|-1.69641613141367E-15,1.14383329197219E-17,-1|1,8.65927457071937E-17,-1.69641613141367E-15
elle;1;1;2.44921270764475E-16,1,-3.94279989333601E-31;184=3%2,-1=-1%1,-1=-1%1,-1=-1%1;101.391141599083,70.5416487878154,3.64583333333334|1,-2.44921270764475E-16,-1.60982338570648E-15|2.44921270764475E-16,1,-3.94279989333601E-31
elle;1;1;-8.65927457071935E-17,-1.66533453693774E-16,-1;-1=-1%1,-1=-1%1,177=2%2,-1=-1%1;133.891141599083,74.2916487878154,19.8958333333333|2.09053381089431E-16,1,-1.66533453693774E-16|-8.65927457071935E-17,-1.66533453693774E-16,-1
elle;1;1;6.12303176911189E-17,-1,-8.73225419197341E-32;172=0%2,-1=-1%1,300=2%2,-1=-1%1;91.3911415990832,90.5416487878154,-58.8541666666667|1,6.12303176911189E-17,-1.42613243263312E-15|6.12303176911189E-17,-1,-8.73225419197341E-32
elle;1;1;-1,0,1.48736275032424E-15;-1=-1%1,136=2%2,353=2%2,-1=-1%1;117.641141599083,104.291648787815,-26.3541666666667|0,1,0|-1,0,1.48736275032424E-15
stick;1;1;-1.81415077597432E-31,-1,1.83690953073357E-16;269=3%2,92=2%2,-1=-1%1,-1=-1%1;97.74530826575,80.5416487878154,-40.2083333333334|-1.81415077597432E-31,-1,1.83690953073357E-16|1.0547118733939E-15,-1.83690953073357E-16,-1
stick;1;1;-1.11022302462516E-15,-1,0;81=0%2,212=3%2,237=0%2,251=0%2;92.74530826575,115.541648787815,-25.2083333333333|-1.11022302462516E-15,-1,0|-1.37540757660097E-15,1.52700915978629E-30,-1
elle;1;1;-2.19558842748401E-16,8.65927457071935E-17,-1;181=1%2,-1=-1%1,-1=-1%1,-1=-1%1;73.8911415990833,86.7916487878154,29.8958333333333|-1,2.88994089076011E-16,2.19558842748401E-16|-2.19558842748401E-16,8.65927457071935E-17,-1
elle;1;1;5.64845650802287E-32,1,1.22460635382238E-16;161=2%2,-1=-1%1,-1=-1%1,-1=-1%1;43.8911415990833,55.5416487878154,-16.3541666666666|4.61246709229646E-16,-1.22460635382238E-16,1|5.64845650802287E-32,1,1.22460635382238E-16
elle;1;1;-2.88994089076011E-16,-1,3.58678896750442E-17;-1=-1%1,-1=-1%1,-1=-1%1,181=2%2;93.8911415990833,95.5416487878154,31.1458333333333|-9.70982073661631E-17,-3.58678896750442E-17,-1|-2.88994089076011E-16,-1,3.58678896750442E-17
elle;1;1;0,1,0;98=1%2,-1=-1%1,-1=-1%1,-1=-1%1;83.8911415990833,45.5416487878154,8.64583333333331|4.28612223837832E-16,0,1|0,1,0
elle;1;1;2.22044604925031E-16,-1.21552616062781E-15,1;-1=-1%1,-2=-1%1,-1=-1%1,176=2%2;103.891141599083,74.2916487878154,-45.1041666666667|-1,-8.65927457071933E-17,2.22044604925031E-16|2.22044604925031E-16,-1.21552616062781E-15,1
elle;1;1;-6.12303176911189E-17,1.22460635382238E-16,-1;-1=-1%1,-1=-1%1,-1=-1%1,139=2%2;98.8911415990833,121.791648787815,-0.104166666666659|-1,-6.12303176911189E-17,6.12303176911189E-17|-6.12303176911189E-17,1.22460635382238E-16,-1
elle;1;1;1,-1.22460635382238E-16,1.0547118733939E-15;-1=-1%1,-1=-1%1,133=1%2,-1=-1%1;92.6411415990833,96.7916487878154,-3.85416666666669|1.0547118733939E-15,-1.22460635382238E-16,-1|1,-1.22460635382238E-16,1.0547118733939E-15
stick;1;1;1,6.12303176911189E-17,6.12303176911189E-17;-1=-1%1,99=0%2,317=3%2,-1=-1%1;127.641141599083,110.645815454482,-5.20833333333333|1,6.12303176911189E-17,6.12303176911189E-17|6.12303176911189E-17,-1.22460635382238E-16,-1
elle;1;1;1,-1.17145334231628E-15,-1.37540757660097E-15;-1=-1%1,-1=-1%1,-1=-1%1,203=1%2;92.6411415990833,114.291648787815,-18.8541666666667|1.17145334231628E-15,1,-8.42166428700496E-32|1,-1.17145334231628E-15,-1.37540757660097E-15
stick;1;1;1,-4.40728183115358E-17,-1.48736275032424E-15;399=0%2,183=2%2,264=1%2,282=0%2;112.641141599083,110.645815454482,-35|1,-4.40728183115358E-17,-1.48736275032424E-15|4.40728183115357E-17,1,-6.1230317691119E-17
elle;1;1;6.12303176911189E-17,1,-2.07439789310036E-32;151=1%2,298=1%2,-1=-1%1,-2=-1%1;76.3911415990833,60.5416487878154,11.1458333333333|-4.61246709229646E-16,7.49830360911069E-33,-1|6.12303176911189E-17,1,-2.07439789310036E-32
elle;1;1;1,3.74915180455534E-33,-3.06151588455594E-16;334=2%2,296=1%2,-1=-1%1,65=2%2;107.641141599083,56.7916487878154,-3.85416666666671|-3.06151588455594E-16,-6.12303176911189E-17,-1|1,3.74915180455534E-33,-3.06151588455594E-16
stick;1;1;1.32654846309033E-15,-1,3.20075683551944E-16;-1=-1%1,103=1%2,248=0%2,-1=-1%1;127.74530826575,50.5416487878154,-10|1.32654846309033E-15,-1,3.20075683551944E-16|1,1.32654846309033E-15,-1.78300887712086E-15
elle;1;1;1,-1.22460635382238E-16,-4.28612223837832E-16;98=2%2,365=0%2,325=2%2,273=1%2;92.6411415990833,41.7916487878153,23.6458333333333|-1.22460635382238E-16,-1,5.24881252637748E-32|1,-1.22460635382238E-16,-4.28612223837832E-16
elle;1;1;-4.61246709229646E-16,1.22460635382238E-16,-1;-1=-1%1,161=0%2,-1=-1%1,-1=-1%1;66.3911415990834,54.2916487878154,-30.1041666666667|1,1.22460635382238E-16,-4.61246709229646E-16|-4.61246709229646E-16,1.22460635382238E-16,-1
elle;1;1;1,0,-2.82534954633429E-15;224=0%2,-1=-1%1,63=2%2,-1=-1%1;82.6411415990833,111.791648787815,-6.35416666666663|0,-1,0|1,0,-2.82534954633429E-15
elle;1;1;3.58678896750436E-17,1,-2.33482937844754E-16;37=2%2,-1=-1%1,-1=-1%1,-1=-1%1;131.391141599083,70.5416487878154,-11.3541666666667|1,-3.5867889675044E-17,-1.69641613141367E-15|3.58678896750436E-17,1,-2.33482937844754E-16
stick;1;1;-1.6710537033976E-15,-2.5034798532418E-32,-1;-1=-1%1,-1=-1%1,128=1%2,-1=-1%1;107.536974932417,95.6458154544821,-25.1041666666667|-1.6710537033976E-15,-2.5034798532418E-32,-1|-1,4.40728183115358E-17,1.6710537033976E-15
stick;1;1;-1.60982338570648E-15,0,-1;149=0%2,284=3%2,228=1%2,-1=-1%1;117.536974932417,70.6458154544821,4.89583333333331|-1.60982338570648E-15,0,-1|-1,0,1.60982338570648E-15
elle;1;1;-1,1.22460635382238E-16,4.28612223837832E-16;-1=-1%1,100=1%2,-1=-1%1,-1=-1%1;82.6411415990833,61.7916487878154,8.64583333333335|4.28612223837832E-16,-1.49966072182214E-32,1|-1,1.22460635382238E-16,4.28612223837832E-16
elle;1;1;1,1.22460635382238E-16,-2.82534954633429E-15;219=0%2,-1=-1%1,-1=-1%1,-1=-1%1;82.6411415990833,119.291648787816,-18.8541666666666|-1.22460635382238E-16,1,3.45994100621014E-31|1,1.22460635382238E-16,-2.82534954633429E-15
stick;1;1;-1,-7.83878170707019E-17,1.60982338570648E-15;-1=-1%1,183=3%2,-1=-1%1,-1=-1%1;112.641141599083,100.437482121149,-40.2083333333333|-1,-7.83878170707019E-17,1.60982338570648E-15|-1.60982338570648E-15,-6.1230317691119E-17,-1
elle;1;1;-8.65927457071936E-17,-1,2.09053381089431E-16;-1=-1%1,61=1%2,-1=-1%1,-1=-1%1;121.391141599083,55.5416487878154,16.1458333333333|1,-8.65927457071934E-17,8.21228935549145E-16|-8.65927457071936E-17,-1,2.09053381089431E-16
stick;1;1;-1,6.12303176911189E-17,-6.12303176911189E-17;-1=-1%1,111=1%2,356=1%2,285=3%2;117.641141599083,110.645815454482,10|-1,6.12303176911189E-17,-6.12303176911189E-17|-6.12303176911189E-17,0,1
stick;1;1;1.60982338570648E-15,0,1;-1=-1%1,222=2%2,-1=-1%1,-1=-1%1;117.536974932417,75.6458154544821,4.89583333333331|1.60982338570648E-15,0,1|0,1,0
elle;1;1;-1,-1.31262436799397E-15,-2.33146835171283E-15;-1=-1%1,-1=-1%1,186=1%2,247=2%2;152.641141599083,71.7916487878155,-1.35416666666668|-2.33146835171283E-15,1.73185491414384E-16,1|-1,-1.31262436799397E-15,-2.33146835171283E-15
elle;1;1;1.22460635382238E-16,1,-3.74915180455534E-32;-1=-1%1,266=1%2,150=2%2,326=2%2;86.3911415990833,50.5416487878154,26.1458333333333|-4.28612223837832E-16,1.49966072182214E-32,-1|1.22460635382238E-16,1,-3.74915180455534E-32
elle;1;1;-1.47823063398313E-16,1,-8.65927457071933E-17;-1=-1%1,-2=-1%1,-1=-1%1,188=1%2;121.391141599083,85.5416487878154,-36.3541666666667|1,1.47823063398312E-16,-1.55431223447522E-15|-1.47823063398313E-16,1,-8.65927457071933E-17
stick;1;1;1.66533453693773E-15,-1.14383329197219E-17,1;197=0%2,310=2%2,314=0%2,322=0%2;107.536974932417,80.4374821211487,-50.1041666666667|1.66533453693773E-15,-1.14383329197219E-17,1|-1,-8.65927457071937E-17,1.66533453693773E-15
stick;1;1;-1.11022302462516E-16,-1.66533453693774E-16,-1;177=0%2,332=2%2,-1=-1%1,-1=-1%1;132.74530826575,85.4374821211487,39.8958333333333|-1.11022302462516E-16,-1.66533453693774E-16,-1|1,-2.09053381089431E-16,-1.11022302462516E-16
elle;1;1;-6.1230317691119E-17,1,-1.22460635382238E-16;106=2%2,-1=-1%1,-2=-1%1,-1=-1%1;111.391141599083,90.5416487878154,-38.8541666666667|-1.42613243263312E-15,-1.22460635382238E-16,-1|-6.1230317691119E-17,1,-1.22460635382238E-16
elle;1;1;1,-2.09053381089431E-16,9.43689570931383E-16;-1=-1%1,-1=-1%1,344=1%2,53=1%2;112.641141599083,64.2916487878154,21.1458333333333|2.09053381089431E-16,1,-8.65927457071934E-17|1,-2.09053381089431E-16,9.43689570931383E-16
stick;1;1;-1,-6.12303176911189E-17,1.22460635382238E-16;-1=-1%1,34=2%2,-1=-1%1,-1=-1%1;102.641141599083,90.4374821211487,-15.2083333333334|-1,-6.12303176911189E-17,1.22460635382238E-16|-1.22460635382238E-16,0,-1
elle;1;1;1.37540757660097E-15,6.12303176911189E-17,1;203=2%2,-2=-1%1,305=1%2,295=3%2;101.391141599083,119.291648787815,-25.1041666666667|1.11022302462516E-15,1,-6.12303176911204E-17|1.37540757660097E-15,6.12303176911189E-17,1
stick;1;1;-1,-2.33146835171283E-15,1.27675647831893E-15;97=3%2,-1=-1%1,376=0%2,-1=-1%1;132.641141599083,100.645815454482,20|-1,-2.33146835171283E-15,1.27675647831893E-15|1.27675647831893E-15,9.70982073661659E-17,1
elle;1;1;1,8.65927457071934E-17,-2.19558842748401E-16;-1=-1%1,123=3%2,-1=-1%1,-1=-1%1;107.641141599083,71.7916487878154,-21.3541666666667|8.65927457071932E-17,-1,-1.15429584293669E-15|1,8.65927457071934E-17,-2.19558842748401E-16
stick;1;1;1.35451859217838E-16,0,1;176=3%2,383=2%2,-1=-1%1,-1=-1%1;102.536974932417,80.6458154544821,-65.1041666666667|1.35451859217838E-16,0,1|-1.73185491414387E-16,1,2.34582968016335E-32
elle;1;1;-2.09053381089431E-16,1.66533453693774E-16,-1;122=2%2,258=2%2,-1=-1%1,-1=-1%1;93.8911415990833,66.7916487878154,19.8958333333333|-1,1.47823063398312E-16,2.09053381089431E-16|-2.09053381089431E-16,1.66533453693774E-16,-1
stick;1;1;-2.19558842748401E-16,1.27675647831893E-15,-1;-1=-1%1,-1=-1%1,-1=-1%1,75=0%2;92.5369749324166,65.645815454482,-30.1041666666667|-2.19558842748401E-16,1.27675647831893E-15,-1|-1,-8.65927457071934E-17,2.19558842748401E-16
elle;1;1;-1.83690953073357E-16,-1,1.22460635382238E-16;156=0%2,-1=-1%1,-1=-1%1,-1=-1%1;118.891141599083,70.5416487878153,23.6458333333333|-1,1.83690953073357E-16,6.12303176911188E-17|-1.83690953073357E-16,-1,1.22460635382238E-16
elle;1;1;-3.67381906146713E-16,-6.12303176911189E-17,-1;-1=-1%1,-1=-1%1,95=2%2,292=2%2;113.891141599083,51.7916487878154,9.8958333333333|-1,0,3.67381906146713E-16|-3.67381906146713E-16,-6.12303176911189E-17,-1
stick;1;1;-2.33146835171283E-15,-1,-8.65927457071899E-17;78=3%2,-1=-1%1,-1=-1%1,-1=-1%1;52.5369749324166,95.5416487878154,-25.2083333333333|-2.33146835171283E-15,-1,-8.65927457071899E-17|-1,2.33146835171283E-15,1.38777878078145E-15
stick;1;1;-2.33146835171283E-15,1,1.11022302462516E-15;-1=-1%1,316=3%2,-1=-1%1,97=0%2;122.74530826575,110.541648787815,-0.20833333333332|-2.33146835171283E-15,1,1.11022302462516E-15|1,2.33146835171283E-15,2.53624280160743E-17
stick;1;1;2.27023803402171E-15,-1.73185491414384E-16,-1;-1=-1%1,-1=-1%1,229=3%2,-1=-1%1;152.536974932417,65.6458154544821,-0.104166666666687|2.27023803402171E-15,-1.73185491414384E-16,-1|-1,-1.31262436799397E-15,-2.27023803402171E-15
elle;1;1;-1,-1.26531814539921E-15,1.78300887712086E-15;216=2%2,-1=-1%1,-1=-1%1,-1=-1%1;127.641141599083,54.2916487878155,-1.35416666666667|-1.26531814539921E-15,1,-3.20075683551945E-16|-1,-1.26531814539921E-15,1.78300887712086E-15
elle;1;1;-6.12303176911189E-17,-1,2.07439789310036E-32;-1=-1%1,151=0%2,348=3%2,-1=-1%1;68.8911415990833,50.5416487878154,11.1458333333333|-4.61246709229646E-16,7.49830360911069E-33,-1|-6.12303176911189E-17,-1,2.07439789310036E-32
elle;1;1;-6.12303176911189E-17,1,8.73225419197341E-32;384=2%2,-1=-1%1,-1=-1%1,172=2%2;103.891141599083,90.5416487878154,-46.3541666666667|1.42613243263312E-15,0,1|-6.12303176911189E-17,1,8.73225419197341E-32
stick;1;1;-2.33146835171283E-15,-1,-8.65927457071914E-17;203=3%2,261=2%2,252=0%2,349=3%2;92.5369749324167,135.541648787815,-25.2083333333333|-2.33146835171283E-15,-1,-8.65927457071914E-17|-1,2.33146835171283E-15,1.28881483089378E-15
elle;1;1;1,-2.27023803402171E-15,-1.28881483089378E-15;251=2%2,-1=-1%1,-1=-1%1,324=2%2;92.6411415990834,139.291648787815,-33.8541666666667|2.27023803402171E-15,1,8.65927457071915E-17|1,-2.27023803402171E-15,-1.28881483089378E-15
elle;1;1;-9.70982073661629E-17,1.38777878078145E-15,-1;-1=-1%1,-1=-1%1,182=2%2,-1=-1%1;76.3911415990833,116.791648787815,29.8958333333333|-1.66533453693774E-16,-1,-1.38777878078145E-15|-9.70982073661629E-17,1.38777878078145E-15,-1
elle;1;1;-2.53624280160747E-17,-1,-1.11022302462516E-16;-1=-1%1,189=2%2,304=1%2,-1=-1%1;88.8911415990833,100.541648787815,-23.8541666666667|1.14130461910109E-15,1.11022302462516E-16,-1|-2.53624280160747E-17,-1,-1.11022302462516E-16
stick;1;1;-1,-8.65927457071937E-17,1.88010708448703E-15;263=3%2,-1=-1%1,192=2%2,-1=-1%1;127.641141599083,50.645815454482,-30|-1,-8.65927457071937E-17,1.88010708448703E-15|1.88010708448703E-15,1.11022302462516E-16,1
stick;1;1;-9.43689570931383E-16,2.77555756156289E-16,1;-1=-1%1,274=2%2,287=1%2,27=3%2;92.74530826575,75.6458154544821,34.8958333333333|-9.43689570931383E-16,2.77555756156289E-16,1|1,-8.65927457071935E-17,9.43689570931383E-16
elle;1;1;0,-1,-7.49830360911069E-33;151=2%2,366=3%2,-1=-1%1,-1=-1%1;71.3911415990833,60.5416487878154,-3.85416666666669|1,3.45856786450708E-48,-4.61246709229646E-16|0,-1,-7.49830360911069E-33
elle;1;1;2.7028369878055E-16,1,1.66533453693773E-16;262=2%2,329=3%2,241=1%2,-1=-1%1;96.3911415990833,65.5416487878154,31.1458333333333|-2.09053381089431E-16,1.66533453693774E-16,-1|2.7028369878055E-16,1,1.66533453693773E-16
elle;1;1;1.16573417585641E-15,1,-6.12303176911205E-17;126=2%2,-1=-1%1,-1=-1%1,358=2%2;176.391141599083,65.5416487878154,-23.8541666666669|-1.61554255216634E-15,-6.12303176911187E-17,-1|1.16573417585641E-15,1,-6.12303176911205E-17
elle;1;1;6.12303176911189E-17,-1,-9.48208455288448E-32;-1=-1%1,-1=-1%1,142=1%2,288=0%2;116.391141599083,80.5416487878154,-36.3541666666667|1.54859306801536E-15,0,1|6.12303176911189E-17,-1,-9.48208455288448E-32
stick;1;1;1.28881483089378E-15,-2.53624280160753E-17,1;-1=-1%1,-1=-1%1,251=1%2,-1=-1%1;97.5369749324167,135.645815454482,-25.1041666666667|1.28881483089378E-15,-2.53624280160753E-17,1|2.33146835171283E-15,1,2.53624280160723E-17
elle;1;1;-2.7028369878055E-16,-1,-1.66533453693773E-16;275=2%2,396=1%2,258=0%2,-2=-1%1;81.3911415990833,65.5416487878154,36.1458333333334|1,-2.7028369878055E-16,-2.09053381089431E-16|-2.7028369878055E-16,-1,-1.66533453693773E-16
stick;1;1;-6.10622663543836E-16,-1.11022302462516E-16,-1;-1=-1%1,-1=-1%1,-1=-1%1,255=0%2;117.536974932417,50.4374821211487,-40.1041666666667|-6.10622663543836E-16,-1.11022302462516E-16,-1|8.65927457071939E-17,-1,1.11022302462516E-16
stick;1;1;-1.05303136002655E-16,-1,6.12303176911191E-17;-1=-1%1,213=2%2,-1=-1%1,-1=-1%1;112.536974932417,110.541648787815,-30|-1.05303136002655E-16,-1,6.12303176911191E-17|1.48736275032424E-15,6.1230317691119E-17,1
elle;1;1;-1,-6.12303176911189E-17,3.67381906146713E-16;39=3%2,-1=-1%1,363=1%2,279=2%2;97.6411415990834,46.7916487878153,-13.8541666666667|6.12303176911189E-17,-1,-2.24949108273321E-32|-1,-6.12303176911189E-17,3.67381906146713E-16
elle;1;1;-1.22460635382238E-16,-1,3.74915180455534E-32;-1=-1%1,230=1%2,-1=-1%1,-1=-1%1;86.3911415990833,45.5416487878154,33.6458333333334|5.5107285922007E-16,-2.99932144364427E-32,1|-1.22460635382238E-16,-1,3.74915180455534E-32
elle;1;1;1.06042026587955E-32,-2.09053381089431E-16,1;-1=-1%1,-1=-1%1,-1=-1%1,45=0%2;76.3911415990833,104.291648787815,-10.1041666666667|-8.65927457071935E-17,1,2.09053381089431E-16|1.06042026587955E-32,-2.09053381089431E-16,1
stick;1;1;4.53974651853907E-16,0,1;-1=-1%1,164=2%2,-1=-1%1,-1=-1%1;102.536974932417,40.4374821211487,-5.1041666666667|4.53974651853907E-16,0,1|-1,-2.53624280160746E-17,4.53974651853907E-16
stick;1;1;-8.6592745707195E-17,-1,1.4432899320127E-15;-1=-1%1,-1=-1%1,-1=-1%1,202=0%2;97.74530826575,60.5416487878154,-40|-8.6592745707195E-17,-1,1.4432899320127E-15|1,-8.65927457071936E-17,9.68119127686705E-16
elle;1;1;1.83690953073357E-16,1,-6.37355806774408E-32;271=2%2,-1=-1%1,89=2%2,-1=-1%1;76.3911415990833,65.5416487878154,28.6458333333333|1,-1.83690953073357E-16,-4.28612223837832E-16|1.83690953073357E-16,1,-6.37355806774408E-32
stick;1;1;-1,1.22460635382238E-16,4.28612223837832E-16;-1=-1%1,307=1%2,270=0%2,-1=-1%1;72.6411415990833,65.4374821211488,20|-1,1.22460635382238E-16,4.28612223837832E-16|-1.22460635382238E-16,-1,3.74915180455534E-32
stick;1;1;2.24487560600564E-15,-1,2.66453525910038E-15;157=0%2,-1=-1%1,-1=-1%1,-1=-1%1;117.536974932417,110.541648787815,20|2.24487560600564E-15,-1,2.66453525910038E-15|-1.11955173723274E-16,2.66453525910038E-15,1
stick;1;1;-1,2.44921270764475E-16,4.28612223837832E-16;-1=-1%1,217=3%2,-1=-1%1,-1=-1%1;92.6411415990833,40.645815454482,30|-1,2.44921270764475E-16,4.28612223837832E-16|4.28612223837832E-16,0,1
elle;1;1;-8.65927457071937E-17,-1,2.1632543846517E-16;-1=-1%1,281=1%2,256=1%2,-1=-1%1;81.3911415990833,75.5416487878154,36.1458333333333|1,-8.65927457071935E-17,9.43689570931383E-16|-8.65927457071937E-17,-1,2.1632543846517E-16
stick;1;1;-1,3.31514016471669E-16,2.09053381089431E-16;-1=-1%1,293=3%2,262=0%2,-1=-1%1;77.6411415990833,65.6458154544821,44.7916666666667|-1,3.31514016471669E-16,2.09053381089431E-16|3.31514016471669E-16,1,1.66533453693773E-16
stick;1;1;-1.25232692156361E-15,-1,1.27675647831893E-15;-1=-1%1,-1=-1%1,-1=-1%1,31=0%2;152.74530826575,55.5416487878154,-15.0000000000001|-1.25232692156361E-15,-1,1.27675647831893E-15|1,-1.25232692156361E-15,-1.64090498018241E-15
stick;1;1;1.38777878078145E-15,-8.65927457071935E-17,1;71=0%2,-1=-1%1,-1=-1%1,-1=-1%1;82.5369749324166,100.437482121149,-45.1041666666667|1.38777878078145E-15,-8.65927457071935E-17,1|-1,1.27675647831893E-15,1.38777878078145E-15
elle;1;1;-6.12303176911189E-17,-1,-6.12303176911189E-17;-1=-1%1,-1=-1%1,159=2%2,-1=-1%1;56.3911415990833,70.5416487878154,6.14583333333332|1,-6.12303176911189E-17,-2.77555756156289E-16|-6.12303176911189E-17,-1,-6.12303176911189E-17
stick;1;1;-1.22460635382238E-16,1,4.49898216546641E-32;-1=-1%1,397=2%2,265=3%2,-1=-1%1;97.5369749324167,45.5416487878153,-20|-1.22460635382238E-16,1,4.49898216546641E-32|-1,-1.22460635382238E-16,3.67381906146713E-16
elle;1;1;1.22460635382238E-16,1,-1.971399946668E-31;-1=-1%1,184=1%2,-1=-1%1,-1=-1%1;106.391141599083,75.5416487878154,-6.35416666666667|1,-1.22460635382238E-16,-1.48736275032424E-15|1.22460635382238E-16,1,-1.971399946668E-31
stick;1;1;-1.06615020631362E-15,2.1632543846517E-16,1;360=0%2,274=1%2,357=1%2,-1=-1%1;77.5369749324166,80.6458154544821,34.8958333333333|-1.06615020631362E-15,2.1632543846517E-16,1|8.65927457071937E-17,1,-2.1632543846517E-16
stick;1;1;1,4.25199273956578E-17,-2.66453525910038E-15;213=3%2,-1=-1%1,-1=-1%1,-1=-1%1;92.6411415990833,110.645815454482,-35.2083333333333|1,4.25199273956578E-17,-2.66453525910038E-15|-2.66453525910038E-15,2.53624280160745E-17,-1
elle;1;1;1,-1.27675647831893E-15,-1.46200032230816E-15;-1=-1%1,40=1%2,308=1%2,-1=-1%1;87.6411415990833,91.7916487878154,-28.8541666666667|-1.46200032230816E-15,-3.58678896750443E-17,-1|1,-1.27675647831893E-15,-1.46200032230816E-15
elle;1;1;-1.60982338570648E-15,0,-1;-1=-1%1,-1=-1%1,-1=-1%1,222=1%2;123.891141599083,69.2916487878154,4.8958333333333|0,1,0|-1.60982338570648E-15,0,-1
stick;1;1;1,0,6.12303176911189E-17;-1=-1%1,-1=-1%1,-1=-1%1,227=3%2;137.641141599083,110.437482121149,10|1,0,6.12303176911189E-17|-6.12303176911189E-17,0,1
elle;1;1;-2.5362428016075E-17,1,-1.11022302462516E-16;-2=-1%1,-1=-1%1,192=1%2,-1=-1%1;126.391141599083,65.5416487878154,-18.8541666666667|-1.81887676679591E-15,-1.11022302462516E-16,-1|-2.5362428016075E-17,1,-1.11022302462516E-16
elle;1;1;8.65927457071938E-17,1,-2.77555756156289E-16;-1=-1%1,256=2%2,-1=-1%1,-1=-1%1;91.3911415990833,80.5416487878154,31.1458333333333|1.0049198886225E-15,-2.77555756156289E-16,-1|8.65927457071938E-17,1,-2.77555756156289E-16
elle;1;1;-1.54859306801536E-15,-6.12303176911189E-17,-1;260=3%2,-1=-1%1,-1=-1%1,-1=-1%1;126.391141599083,76.7916487878153,-35.1041666666667|6.1230317691119E-17,-1,6.12303176911188E-17|-1.54859306801536E-15,-6.12303176911189E-17,-1
elle;1;1;1,-8.65927457071937E-17,1.14130461910109E-15;-1=-1%1,165=2%2,-1=-1%1,-1=-1%1;102.641141599083,111.791648787815,-6.35416666666667|-8.65927457071936E-17,-1,-4.97919847713969E-17|1,-8.65927457071937E-17,1.14130461910109E-15
stick;1;1;-1.27675647831893E-15,1.05054616589665E-17,1;157=3%2,303=0%2,-1=-1%1,-1=-1%1;117.536974932417,100.437482121149,-10.1041666666667|-1.27675647831893E-15,1.05054616589665E-17,1|-1,-2.41806109742002E-15,-1.27675647831893E-15
stick;1;1;9.43689570931383E-16,-1.11022302462516E-16,-1;61=0%2,-1=-1%1,-1=-1%1,-1=-1%1;117.536974932417,60.4374821211487,34.8958333333333|9.43689570931383E-16,-1.11022302462516E-16,-1|-8.65927457071936E-17,-1,1.11022302462516E-16
elle;1;1;1,-3.74915180455534E-33,-4.28612223837832E-16;-1=-1%1,-1=-1%1,244=3%2,-1=-1%1;112.641141599083,39.2916487878154,11.1458333333333|-2.24949108273321E-32,1,-6.12303176911189E-17|1,-3.74915180455534E-33,-4.28612223837832E-16
elle;1;1;1,-3.31514016471669E-16,-3.31514016471669E-16;297=0%2,-1=-1%1,-1=-1%1,275=1%2;77.6411415990833,59.2916487878154,43.6458333333334|3.31514016471669E-16,-1.66533453693774E-16,1|1,-3.31514016471669E-16,-3.31514016471669E-16
elle;1;1;1.46200032230816E-15,-8.65927457071934E-17,1;-1=-1%1,40=2%2,-1=-1%1,-1=-1%1;81.3911415990833,94.2916487878155,-10.1041666666666|1.39921711370117E-15,1,8.65927457071914E-17|1.46200032230816E-15,-8.65927457071934E-17,1
elle;1;1;-1.37540757660097E-15,-6.12303176911189E-17,-1;-2=-1%1,-1=-1%1,-1=-1%1,237=3%2;108.891141599083,119.291648787815,-25.1041666666667|1.11022302462516E-15,1,-6.12303176911204E-17|-1.37540757660097E-15,-6.12303176911189E-17,-1
elle;1;1;-1,-3.74915180455534E-33,3.06151588455594E-16;312=2%2,215=1%2,-1=-1%1,-1=-1%1;102.641141599083,51.7916487878153,1.14583333333334|3.74915180455534E-33,-1,-1.14780878032578E-48|-1,-3.74915180455534E-33,3.06151588455594E-16
elle;1;1;-3.92744334162788E-16,1.66533453693774E-16,-1;293=0%2,-1=-1%1,390=1%2,-1=-1%1;73.8911415990832,46.7916487878154,39.8958333333333|-1,3.31514016471669E-16,3.92744334162788E-16|-3.92744334162788E-16,1.66533453693774E-16,-1
elle;1;1;-6.12303176911189E-17,-1,2.07439789310036E-32;-1=-1%1,214=1%2,-1=-1%1,-1=-1%1;78.8911415990833,55.5416487878154,11.1458333333333|-4.61246709229646E-16,7.49830360911069E-33,-1|-6.12303176911189E-17,-1,2.07439789310036E-32
elle;1;1;-8.65927457071936E-17,-4.11454724458249E-16,-1;-1=-1%1,-1=-1%1,196=3%2,-1=-1%1;153.891141599083,91.7916487878154,19.8958333333333|-1,2.09053381089431E-16,8.65927457071935E-17|-8.65927457071936E-17,-4.11454724458249E-16,-1
elle;1;1;-6.12303176911189E-17,1,8.73225419197341E-32;-2=-1%1,375=1%2,200=2%2,-1=-1%1;108.891141599083,90.5416487878154,-58.8541666666667|-1,-6.12303176911189E-17,1.42613243263312E-15|-6.12303176911189E-17,1,8.73225419197341E-32
stick;1;1;0,1,0;-1=-1%1,-1=-1%1,95=3%2,-1=-1%1;97.74530826575,50.5416487878154,14.7916666666666|0,1,0|1,0,-3.67381906146713E-16
stick;1;1;1.11022302462516E-16,-1,-9.86076131526265E-32;166=3%2,-1=-1%1,-1=-1%1,-1=-1%1;102.74530826575,105.541648787815,-30|1.11022302462516E-16,-1,-9.86076131526265E-32|1,1.11022302462516E-16,-1.37540757660097E-15
elle;1;1;1.27675647831893E-15,-1.05054616589665E-17,-1;290=1%2,-1=-1%1,-1=-1%1,-1=-1%1;126.391141599083,96.7916487878153,-10.1041666666667|2.41806109742002E-15,-1,1.05054616589696E-17|1.27675647831893E-15,-1.05054616589665E-17,-1
elle;1;1;1.14130461910109E-15,1.11022302462516E-16,-1;-1=-1%1,254=2%2,-1=-1%1,-1=-1%1;91.3911415990834,99.2916487878154,-35.1041666666667|1,9.70982073661629E-17,1.14130461910109E-15|1.14130461910109E-15,1.11022302462516E-16,-1
stick;1;1;1.25294694121873E-15,6.1230317691119E-17,1;-1=-1%1,237=2%2,-1=-1%1,-1=-1%1;102.536974932417,130.645815454482,-25.1041666666667|1.25294694121873E-15,6.1230317691119E-17,1|1.11022302462516E-15,1,-6.12303176911204E-17
elle;1;1;1.66533453693774E-16,1,1.44900909847256E-15;-1=-1%1,-1=-1%1,-1=-1%1,182=1%2;71.3911415990833,105.541648787815,31.1458333333333|-9.70982073661628E-17,1.44900909847256E-15,-1|1.66533453693774E-16,1,1.44900909847256E-15
stick;1;1;-1,1.22460635382238E-16,3.06151588455594E-16;-1=-1%1,271=1%2,-1=-1%1,-1=-1%1;72.6411415990833,70.6458154544821,19.7916666666667|-1,1.22460635382238E-16,3.06151588455594E-16|1.22460635382238E-16,1,-3.74915180455534E-32
elle;1;1;-1.46200032230816E-15,-3.58678896750443E-17,-1;-1=-1%1,283=2%2,380=2%2,-1=-1%1;83.8911415990832,91.7916487878154,-40.1041666666667|-1,1.21552616062781E-15,1.46200032230816E-15|-1.46200032230816E-15,-3.58678896750443E-17,-1
stick;1;1;1.22460635382238E-16,-6.12303176911189E-17,1;-1=-1%1,311=3%2,72=1%2,-1=-1%1;102.536974932417,105.645815454482,9.89583333333334|1.22460635382238E-16,-6.12303176911189E-17,1|-7.49830360911069E-33,1,6.12303176911189E-17
elle;1;1;-1.66533453693773E-15,1.14383329197219E-17,-1;-2=-1%1,391=0%2,232=1%2,315=2%2;118.891141599083,81.7916487878154,-50.1041666666667|-1,-8.65927457071937E-17,1.66533453693773E-15|-1.66533453693773E-15,1.14383329197219E-17,-1
elle;1;1;-1,-1.87457590227767E-32,1.83690953073357E-16;-1=-1%1,-1=-1%1,-1=-1%1,309=1%2;102.641141599083,99.2916487878154,11.1458333333333|-1.83690953073357E-16,6.12303176911189E-17,-1|-1,-1.87457590227767E-32,1.83690953073357E-16
stick;1;1;-1,1.22460635382238E-16,3.06151588455594E-16;-1=-1%1,-1=-1%1,296=0%2,-1=-1%1;102.641141599083,55.645815454482,9.79166666666667|-1,1.22460635382238E-16,3.06151588455594E-16|1.22460635382238E-16,1,-3.74915180455534E-32
elle;1;1;-1.54859306801536E-15,-7.49830360911069E-33,-1;106=1%2,-1=-1%1,386=1%2,319=0%2;88.8911415990832,81.7916487878154,-35.1041666666667|-1,-6.12303176911189E-17,1.54859306801536E-15|-1.54859306801536E-15,-7.49830360911069E-33,-1
elle;1;1;-1.66533453693773E-15,1.14383329197219E-17,-1;232=2%2,-1=-1%1,-1=-1%1,-1=-1%1;103.891141599083,71.7916487878154,-50.1041666666667|-1,-8.65927457071937E-17,1.66533453693773E-15|-1.66533453693773E-15,1.14383329197219E-17,-1
elle;1;1;1.78779517231997E-15,-1.14383329197219E-17,1;-1=-1%1,-1=-1%1,310=3%2,392=2%2;116.391141599083,69.2916487878154,-50.1041666666667|-8.65927457071937E-17,1,1.14383329197221E-17|1.78779517231997E-15,-1.14383329197219E-17,1
elle;1;1;2.53624280160717E-17,1.17145334231628E-15,-1;333=2%2,-1=-1%1,-1=-1%1,246=1%2;116.391141599083,111.791648787815,-0.104166666666652|2.33146835171283E-15,-1,-1.17145334231628E-15|2.53624280160717E-17,1.17145334231628E-15,-1
elle;1;1;1,6.12303176911189E-17,6.12303176911189E-17;-1=-1%1,-1=-1%1,-1=-1%1,211=2%2;127.641141599083,116.791648787815,-3.85416666666668|6.12303176911189E-17,-1.22460635382238E-16,-1|1,6.12303176911189E-17,6.12303176911189E-17
stick;1;1;-1,4.40728183115358E-17,1.48736275032424E-15;-1=-1%1,-1=-1%1,141=2%2,-1=-1%1;112.641141599083,110.437482121149,-20.2083333333333|-1,4.40728183115358E-17,1.48736275032424E-15|-1.48736275032424E-15,-6.1230317691119E-17,-1
elle;1;1;-1.54859306801536E-15,-7.49830360911069E-33,-1;313=3%2,-1=-1%1,-1=-1%1,-1=-1%1;83.8911415990831,71.7916487878154,-35.1041666666666|-1,-6.12303176911189E-17,1.54859306801536E-15|-1.54859306801536E-15,-7.49830360911069E-33,-1
stick;1;1;1,8.65927457071937E-17,-1.60982338570648E-15;118=3%2,-1=-1%1,-1=-1%1,-1=-1%1;47.6411415990833,80.6458154544821,-20.2083333333333|1,8.65927457071936E-17,-1.60982338570648E-15|-1.60982338570648E-15,8.65927457071934E-17,-1
elle;1;1;-1.83690953073357E-16,1,3.06957447413866E-31;-1=-1%1,-1=-1%1,43=3%2,-1=-1%1;108.891141599083,60.5416487878154,-36.3541666666667|1.6710537033976E-15,0,1|-1.83690953073357E-16,1,3.06957447413866E-31
stick;1;1;1.57874179123054E-15,1.22124532708767E-15,1;232=3%2,-1=-1%1,-1=-1%1,-1=-1%1;107.536974932416,80.6458154544821,-70.1041666666667|1.57874179123054E-15,1.22124532708767E-15,1|-1.73185491414389E-16,1,-1.22124532708767E-15
elle;1;1;-1,-8.65927457071935E-17,6.12303176911189E-17;45=2%2,-1=-1%1,-1=-1%1,-1=-1%1;87.6411415990833,86.7916487878154,-6.35416666666662|6.12303176911189E-17,-8.65927457071935E-17,1|-1,-8.65927457071935E-17,6.12303176911189E-17
stick;1;1;-2.20900771633059E-15,-1,-8.65927457071916E-17;-1=-1%1,-1=-1%1,252=3%2,-1=-1%1;92.74530826575,140.541648787815,-40|-2.20900771633059E-15,-1,-8.65927457071916E-17|1,-2.20900771633059E-15,-1.28881483089378E-15
stick;1;1;1,-1.22460635382238E-16,-5.5107285922007E-16;-1=-1%1,378=1%2,217=2%2,-1=-1%1;92.6411415990833,30.645815454482,24.7916666666666|1,-1.22460635382238E-16,-5.5107285922007E-16|-5.5107285922007E-16,1.49966072182214E-32,-1
elle;1;1;-1.22460635382238E-16,-1,1.22460635382238E-16;337=2%2,-1=-1%1,230=3%2,-1=-1%1;98.8911415990833,50.5416487878154,23.6458333333333|-1,1.22460635382238E-16,4.28612223837832E-16|-1.22460635382238E-16,-1,1.22460635382238E-16
elle;1;1;1.55095120774051E-16,-8.65927457071935E-17,1;85=1%2,-1=-1%1,340=1%2,-1=-1%1;53.8911415990833,81.7916487878154,-10.1041666666667|8.65927457071935E-17,-1,-8.65927457071935E-17|1.55095120774051E-16,-8.65927457071935E-17,1
stick;1;1;-8.65927457071936E-17,1.58328525057282E-16,1;-1=-1%1,-1=-1%1,137=1%2,-1=-1%1;127.536974932417,105.645815454482,24.8958333333334|-8.65927457071936E-17,1.58328525057282E-16,1|-2.33146835171283E-15,1,-1.58328525057282E-16
elle;1;1;-1,2.7028369878055E-16,2.09053381089431E-16;-1=-1%1,-1=-1%1,-1=-1%1,258=1%2;97.6411415990833,59.2916487878154,36.1458333333334|-2.09053381089431E-16,1.66533453693774E-16,-1|-1,2.7028369878055E-16,2.09053381089431E-16
elle;1;1;1,-6.12303176911189E-17,-4.61246709229646E-16;-1=-1%1,361=2%2,-1=-1%1,147=1%2;52.6411415990833,61.7916487878154,-3.85416666666669|-4.61246709229646E-16,1.22460635382238E-16,-1|1,-6.12303176911189E-17,-4.61246709229646E-16
elle;1;1;-8.65927457071937E-17,1,-8.65927457071934E-17;-1=-1%1,-1=-1%1,-1=-1%1,109=1%2;118.891141599083,75.5416487878154,-31.3541666666667|1.61554255216634E-15,8.65927457071935E-17,1|-8.65927457071937E-17,1,-8.65927457071934E-17
elle;1;1;1.11022302462516E-16,1.66533453693774E-16,1;-1=-1%1,-1=-1%1,233=1%2,-1=-1%1;121.391141599083,86.7916487878154,39.8958333333333|1,-2.09053381089431E-16,-1.11022302462516E-16|1.11022302462516E-16,1.66533453693774E-16,1
stick;1;1;-2.33146835171283E-15,1,1.23268366000739E-15;-1=-1%1,-1=-1%1,316=0%2,-1=-1%1;107.74530826575,115.541648787815,1.90958360235527E-14|-2.33146835171283E-15,1,1.23268366000739E-15|-2.53624280160716E-17,-1.23268366000739E-15,1
stick;1;1;1,1.1247455413666E-32,-1.83690953073357E-16;-2=-1%1,-1=-1%1,215=0%2,-1=-1%1;107.641141599083,65.4374821211487,1.77635683940025E-15|1,1.1247455413666E-32,-1.83690953073357E-16|1.83690953073357E-16,6.12303176911189E-17,1
elle;1;1;6.12303176911189E-17,-1,7.69062947245819E-32;87=1%2,-2=-1%1,-1=-1%1,-1=-1%1;81.3911415990834,75.5416487878154,-38.8541666666667|1,6.12303176911189E-17,1.0547118733939E-15|6.12303176911189E-17,-1,7.69062947245819E-32
elle;1;1;-2.09053381089431E-16,-1,-1.11022302462516E-16;-1=-1%1,-1=-1%1,-1=-1%1,180=2%2;76.3911415990833,115.541648787815,3.6458333333333|-1.14130461910109E-15,-1.11022302462516E-16,1|-2.09053381089431E-16,-1,-1.11022302462516E-16
stick;1;1;1.22460635382238E-16,1,-1.22460635382238E-16;-1=-1%1,400=2%2,326=0%2,-1=-1%1;102.536974932417,50.5416487878154,15|1.22460635382238E-16,1,-1.22460635382238E-16|-1,1.22460635382238E-16,4.28612223837832E-16
elle;1;1;1.60982338570648E-15,6.1230317691119E-17,1;-1=-1%1,134=3%2,-1=-1%1,-1=-1%1;116.391141599083,96.7916487878154,-5.10416666666668|1,-2.27763771384892E-16,-1.60982338570648E-15|1.60982338570648E-15,6.1230317691119E-17,1
stick;1;1;-1,-1.11022302462516E-15,2.75112800480757E-15;102=3%2,364=3%2,-1=-1%1,369=0%2;142.641141599083,90.4374821211488,-20.0000000000001|-1,-1.11022302462516E-15,2.75112800480757E-15|1.11022302462516E-15,-1,1.73185491414384E-16
elle;1;1;8.65927457071935E-17,-1,-8.65927457071935E-17;-1=-1%1,327=2%2,-1=-1%1,-1=-1%1;48.8911415990833,70.5416487878154,-11.3541666666667|-1,-8.65927457071935E-17,1.55095120774051E-16|8.65927457071935E-17,-1,-8.65927457071935E-17
elle;1;1;6.12303176911189E-17,-1,-8.73225419197341E-32;-1=-1%1,172=1%2,-1=-1%1,-1=-1%1;83.8911415990831,85.5416487878154,-46.3541666666666|-1,-6.12303176911189E-17,1.54859306801536E-15|6.12303176911189E-17,-1,-8.73225419197341E-32
elle;1;1;0,-1,0;-1=-1%1,66=1%2,-1=-1%1,-1=-1%1;121.391141599083,85.5416487878154,-3.8541666666667|1,0,-2.44921270764475E-16|0,-1,0
elle;1;1;1,1.23259516440783E-32,9.9348155570278E-16;-1=-1%1,-2=-1%1,187=3%2,-1=-1%1;82.6411415990833,59.2916487878154,-18.8541666666667|-1.23259516440783E-32,1,-1.23259516440783E-32|1,1.23259516440783E-32,9.9348155570278E-16
elle;1;1;2.09053381089431E-16,1,-8.65927457071934E-17;-1=-1%1,235=2%2,-1=-1%1,-1=-1%1;113.891141599083,75.5416487878154,23.6458333333334|-1.06615020631362E-15,8.65927457071937E-17,1|2.09053381089431E-16,1,-8.65927457071934E-17
elle;1;1;1.4930819167841E-15,-6.4207194153779E-32,1;-1=-1%1,-2=-1%1,110=0%2,-1=-1%1;158.891141599083,91.7916487878154,-15.1041666666668|-1.16573417585641E-15,-1,1.67632942359465E-30|1.4930819167841E-15,-6.4207194153779E-32,1
elle;1;1;1.04327354047418E-15,1,-1.47848905616932E-30;126=1%2,-1=-1%1,-1=-1%1,-1=-1%1;153.891141599083,65.5416487878154,-28.8541666666668|-1,1.04327354047418E-15,1.61554255216634E-15|1.04327354047418E-15,1,-1.47848905616932E-30
elle;1;1;6.12303176911189E-17,-1.22460635382238E-16,1;-1=-1%1,175=0%2,-1=-1%1,-1=-1%1;88.8911415990833,101.791648787815,4.89583333333331|-1.49966072182214E-32,-1,-1.22460635382238E-16|6.12303176911189E-17,-1.22460635382238E-16,1
elle;1;1;-6.12303176911189E-17,1,3.5740586149225E-32;-1=-1%1,-1=-1%1,-1=-1%1,249=2%2;66.3911415990833,50.5416487878154,-1.35416666666669|1,6.12303176911189E-17,-4.61246709229646E-16|-6.12303176911189E-17,1,3.5740586149225E-32
stick;1;1;2.33146835171283E-15,1,1.66533453693773E-16;-1=-1%1,-1=-1%1,-1=-1%1,251=3%2;92.5369749324168,155.541648787815,-25|2.33146835171283E-15,1,1.66533453693774E-16|-1,2.33146835171283E-15,1.28881483089378E-15
elle;1;1;2.53624280160747E-17,-1,6.12303176911189E-17;-1=-1%1,-1=-1%1,164=0%2,-1=-1%1;118.891141599083,40.5416487878154,11.1458333333333|-4.53974651853907E-16,-6.12303176911189E-17,-1|2.53624280160747E-17,-1,6.12303176911189E-17
elle;1;1;-1,0,0;-1=-1%1,108=1%2,-1=-1%1,-1=-1%1;107.641141599083,76.7916487878154,8.64583333333338|0,-1.22460635382238E-16,1|-1,0,0
elle;1;1;-1.47823063398312E-16,-1,1.15429584293669E-15;144=0%2,-1=-1%1,-1=-1%1,-1=-1%1;93.8911415990833,110.541648787815,1.14583333333329|8.65927457071934E-17,-1.15429584293669E-15,-1|-1.47823063398312E-16,-1,1.15429584293669E-15
elle;1;1;-1.42613243263312E-15,0,-1;-1=-1%1,-1=-1%1,201=2%2,-1=-1%1;116.391141599083,121.791648787815,-25.1041666666667|0,-1,0|-1.42613243263312E-15,0,-1
stick;1;1;1.61554255216634E-15,-2.06963742015945E-31,1;-1=-1%1,-1=-1%1,126=3%2,-1=-1%1;162.74530826575,60.6458154544821,-20.1041666666668|1.61554255216634E-15,-2.06963742015945E-31,1|1,-1.16573417585641E-15,-1.61554255216634E-15
elle;1;1;-1.78300887712086E-15,-1.4432899320127E-15,-1;-1=-1%1,-1=-1%1,121=2%2,-1=-1%1;123.891141599083,29.2916487878154,-15.1041666666667|-1.38777878078145E-15,1,-1.4432899320127E-15|-1.78300887712086E-15,-1.4432899320127E-15,-1
stick;1;1;1,-6.12303176911189E-17,6.12303176911189E-17;-1=-1%1,227=2%2,-1=-1%1,-1=-1%1;117.641141599083,115.645815454482,10|1,-6.12303176911189E-17,6.12303176911189E-17|6.12303176911189E-17,1,3.74915180455534E-33
stick;1;1;-8.65927457071937E-17,-1,1.55095120774051E-16;-1=-1%1,281=2%2,-1=-1%1,-1=-1%1;72.5369749324166,80.5416487878154,34.7916666666666|-8.65927457071937E-17,-1,1.55095120774051E-16|-1,8.65927457071935E-17,-1.06615020631362E-15
elle;1;1;-1.16573417585641E-15,-1,1.83690953073358E-16;-1=-1%1,-1=-1%1,259=3%2,-1=-1%1;188.891141599083,65.5416487878154,-26.3541666666669|-1,1.16573417585641E-15,1.61554255216634E-15|-1.16573417585641E-15,-1,1.83690953073358E-16
elle;1;1;1.78300887712086E-15,1.56575056739494E-15,1;-1=-1%1,-1=-1%1,121=1%2,-1=-1%1;133.891141599083,39.2916487878154,-15.1041666666667|-1,-1.38777878078145E-15,1.78300887712087E-15|1.78300887712086E-15,1.56575056739494E-15,1
stick;1;1;1.06615020631362E-15,-1.11022302462516E-16,-1;281=0%2,-1=-1%1,-1=-1%1,-1=-1%1;77.5369749324166,80.4374821211487,54.8958333333333|1.06615020631362E-15,-1.11022302462516E-16,-1|-8.65927457071936E-17,-1,1.11022302462516E-16
stick;1;1;6.1230317691119E-17,1,2.44921270764475E-16;-1=-1%1,-1=-1%1,330=1%2,373=3%2;47.7453082657499,60.5416487878154,1.73194791841524E-14|6.1230317691119E-17,1,2.44921270764475E-16|4.61246709229646E-16,-2.44921270764476E-16,1
elle;1;1;1.88913381206543E-31,1,-1.83690953073357E-16;146=2%2,-1=-1%1,-1=-1%1,-1=-1%1;106.391141599083,85.5416487878154,-33.8541666666667|1.11594219108502E-15,-1.83690953073357E-16,-1|1.88913381206543E-31,1,-1.83690953073357E-16
elle;1;1;6.12303176911189E-17,-1,-2.24949108273321E-32;-2=-1%1,265=2%2,-1=-1%1,-1=-1%1;96.3911415990834,35.5416487878153,-11.3541666666667|4.89842541528951E-16,7.49830360911069E-33,1|6.12303176911189E-17,-1,-2.24949108273321E-32
elle;1;1;-1,-1.11022302462516E-15,2.75112800480757E-15;-1=-1%1,368=1%2,-1=-1%1,339=1%2;142.641141599083,96.7916487878154,-21.3541666666668|2.75112800480757E-15,1.73185491414387E-16,1|-1,-1.11022302462516E-15,2.75112800480757E-15
elle;1;1;4.28612223837832E-16,0,1;217=1%2,-1=-1%1,-1=-1%1,-1=-1%1;83.8911415990833,41.7916487878153,24.8958333333333|-1.22460635382238E-16,-1,5.24881252637748E-32|4.28612223837832E-16,0,1
elle;1;1;-3.38786073847408E-16,7.49830360911069E-33,-1;-1=-1%1,-1=-1%1,-1=-1%1,257=1%2;68.8911415990833,66.7916487878154,-5.10416666666669|-1,-2.54032084024646E-48,3.38786073847408E-16|-3.38786073847408E-16,7.49830360911069E-33,-1
elle;1;1;-4.61246709229646E-16,-1.22460635382238E-16,-1;107=3%2,-1=-1%1,-1=-1%1,-1=-1%1;76.3911415990833,61.7916487878154,-10.1041666666667|5.64845650802287E-32,-1,1.22460635382238E-16|-4.61246709229646E-16,-1.22460635382238E-16,-1
stick;1;1;1.11022302462516E-15,-1,1.73185491414384E-16;-1=-1%1,364=1%2,382=1%2,-1=-1%1;147.74530826575,95.5416487878154,-25.0000000000001|1.11022302462516E-15,-1,1.73185491414384E-16|1,1.11022302462516E-15,-2.75112800480757E-15
stick;1;1;4.05231403988182E-15,1.73185491414389E-16,1;339=3%2,-1=-1%1,-1=-1%1,-1=-1%1;152.74530826575,90.6458154544821,-30.1041666666668|4.05231403988182E-15,1.73185491414389E-16,1|1,1.11022302462516E-15,-4.05231403988182E-15
elle;1;1;9.9348155570278E-16,-1.23259516440783E-32,-1;-1=-1%1,187=2%2,-1=-1%1,-1=-1%1;81.3911415990833,66.7916487878154,-30.1041666666667|1.23259516440783E-32,-1,1.23259516440783E-32|9.9348155570278E-16,-1.23259516440783E-32,-1
stick;1;1;1.73228402108871E-15,1.4432899320127E-15,1;-1=-1%1,-1=-1%1,-1=-1%1,158=0%2;117.74530826575,65.6458154544821,-10.1041666666667|1.73228402108871E-15,1.4432899320127E-15,1|1,1.19392760651961E-31,-1.73228402108871E-15
elle;1;1;3.58678896750444E-17,-1,-3.58678896750441E-17;-1=-1%1,-1=-1%1,131=2%2,-1=-1%1;76.3911415990833,65.5416487878154,11.1458333333333|1,3.58678896750443E-17,9.43689570931383E-16|3.58678896750444E-17,-1,-3.58678896750441E-17
stick;1;1;0,-1,-2.44921270764475E-16;-1=-1%1,-1=-1%1,-1=-1%1,361=3%2;47.5369749324166,40.5416487878154,1.28785870856518E-14|0,-1,-2.44921270764476E-16|4.61246709229646E-16,-2.44921270764476E-16,1
elle;1;1;1,8.65927457071935E-17,-1.73800318754858E-15;109=3%2,-1=-1%1,-1=-1%1,-1=-1%1;112.641141599083,66.7916487878154,-28.8541666666667|-1.73800318754858E-15,-8.65927457071935E-17,-1|1,8.65927457071935E-17,-1.73800318754858E-15
stick;1;1;1.54859306801536E-15,7.49830360911069E-33,1;-1=-1%1,300=1%2,-1=-1%1,-1=-1%1;112.74530826575,85.4374821211487,-60.1041666666667|1.54859306801536E-15,7.49830360911069E-33,1|6.12303176911189E-17,-1,-8.73225419197341E-32
elle;1;1;1,2.33146835171283E-15,-1.27675647831893E-15;238=2%2,-1=-1%1,-1=-1%1,-1=-1%1;132.641141599083,109.291648787815,23.6458333333334|1.27675647831893E-15,9.70982073661659E-17,1|1,2.33146835171283E-15,-1.27675647831893E-15
elle;1;1;1,8.65927457071934E-17,7.21644966006352E-16;-1=-1%1,55=1%2,-1=-1%1,-1=-1%1;97.6411415990833,64.2916487878155,-23.8541666666667|-8.65927457071934E-17,1,-3.58678896750441E-17|1,8.65927457071934E-17,7.21644966006352E-16
stick;1;1;-1,1.22460635382238E-16,5.5107285922007E-16;-1=-1%1,325=1%2,-1=-1%1,-1=-1%1;92.6411415990833,30.645815454482,30|-1,1.22460635382238E-16,5.5107285922007E-16|5.5107285922007E-16,-1.49966072182214E-32,1
elle;1;1;2.53624280160747E-17,-1,6.12303176911189E-17;-1=-1%1,164=1%2,-1=-1%1,-1=-1%1;118.891141599083,35.5416487878154,-8.85416666666675|-5.15204969545026E-16,-6.12303176911189E-17,-1|2.53624280160747E-17,-1,6.12303176911189E-17
stick;1;1;1.46200032230816E-15,3.58678896750443E-17,1;-1=-1%1,-1=-1%1,308=2%2,-1=-1%1;72.7453082657499,90.4374821211488,-40.1041666666667|1.46200032230816E-15,3.58678896750443E-17,1|-1.21552616062781E-15,-1,3.58678896750461E-17
stick;1;1;1,-1.22460635382238E-16,7.49830360911069E-33;-1=-1%1,167=0%2,-1=-1%1,-1=-1%1;117.641141599083,90.4374821211487,20|1,-1.22460635382238E-16,7.49830360911069E-33|7.49830360911069E-33,1.22460635382238E-16,1
elle;1;1;2.75112800480757E-15,1.73185491414387E-16,1;-1=-1%1,368=2%2,-1=-1%1,-1=-1%1;151.391141599083,96.7916487878154,-20.1041666666668|1,1.11022302462516E-15,-2.75112800480757E-15|2.75112800480757E-15,1.73185491414387E-16,1
stick;1;1;2.57912494600075E-16,2.12084053175909E-32,1;-1=-1%1,-1=-1%1,240=1%2,-1=-1%1;102.74530826575,75.6458154544821,-65.1041666666667|2.57912494600075E-16,2.12084053175909E-32,1|1,1.73185491414387E-16,-2.57912494600075E-16
elle;1;1;6.12303176911189E-17,-1,-8.73225419197341E-32;-1=-1%1,-1=-1%1,250=0%2,-1=-1%1;118.891141599083,90.5416487878154,-51.3541666666667|-1,-6.12303176911189E-17,1.42613243263312E-15|6.12303176911189E-17,-1,-8.73225419197341E-32
stick;1;1;-8.65927457071944E-17,1,-2.33146835171283E-15;96=0%2,-1=-1%1,-1=-1%1,-1=-1%1;77.5369749324166,60.5416487878154,-20.2083333333333|-8.65927457071944E-17,1,-2.33146835171283E-15|-3.92744334162788E-16,-2.33146835171283E-15,-1
elle;1;1;-1,-6.12303176911189E-17,1.54859306801536E-15;-1=-1%1,313=2%2,-1=-1%1,-1=-1%1;77.6411415990832,84.2916487878155,-36.3541666666666|-6.12303176911187E-17,1,1.22460635382238E-16|-1,-6.12303176911189E-17,1.54859306801536E-15
elle;1;1;-1.17717250877614E-15,1.23259516440783E-32,1;87=2%2,-1=-1%1,-1=-1%1,-1=-1%1;73.8911415990833,94.2916487878154,-30.1041666666667|-1,-1.23259516440783E-32,-1.17717250877614E-15|-1.17717250877614E-15,1.23259516440783E-32,1
stick;1;1;-2.77555756156289E-16,2.22044604925031E-16,-1;-1=-1%1,119=1%2,-1=-1%1,-1=-1%1;62.5369749324166,75.4374821211487,-30.1041666666667|-2.77555756156289E-16,2.22044604925031E-16,-1|8.65927457071935E-17,-1,-2.22044604925031E-16
elle;1;1;6.12303176911188E-17,1,-6.12303176911189E-17;-1=-1%1,-1=-1%1,170=0%2,-1=-1%1;93.8911415990833,60.5416487878154,-1.35416666666669|5.5107285922007E-16,6.12303176911188E-17,1|6.12303176911188E-17,1,-6.12303176911189E-17
elle;1;1;-1,3.31514016471669E-16,3.92744334162788E-16;-1=-1%1,297=2%2,-1=-1%1,-1=-1%1;62.6411415990832,49.2916487878155,38.6458333333333|3.31514016471669E-16,1,2.88994089076011E-16|-1,3.31514016471669E-16,3.92744334162788E-16
elle;1;1;3.5867889675044E-17,1,1.14383329197218E-17;310=1%2,-1=-1%1,-1=-1%1,-1=-1%1;126.391141599083,80.5416487878154,-41.3541666666667|1,-3.5867889675044E-17,-1.66533453693773E-15|3.5867889675044E-17,1,1.14383329197218E-17
elle;1;1;-1.78779517231997E-15,-1.11022302462516E-16,-1;-1=-1%1,-1=-1%1,315=3%2,-1=-1%1;128.891141599083,71.7916487878154,-50.1041666666667|-1,-8.65927457071937E-17,1.78779517231997E-15|-1.78779517231997E-15,-1.11022302462516E-16,-1
stick;1;1;1,8.65927457071936E-17,-1.38777878078145E-15;70=3%2,-1=-1%1,-1=-1%1,-1=-1%1;72.6411415990833,90.6458154544821,14.7916666666667|1,8.65927457071936E-17,-1.38777878078145E-15|-1.38777878078145E-15,8.65927457071934E-17,-1
stick;1;1;-1.11022302462516E-15,1,1.36334922402612E-15;83=3%2,-1=-1%1,-1=-1%1,-1=-1%1;87.5369749324167,40.5416487878154,-15.0000000000001|-1.11022302462516E-15,1,1.36334922402612E-15|-1,-1.11022302462516E-15,-8.81526381979513E-16
elle;1;1;-6.12303176911189E-17,0,1;111=2%2,-1=-1%1,-1=-1%1,-1=-1%1;113.891141599083,129.291648787815,4.89583333333333|-1,6.12303176911189E-17,-6.12303176911189E-17|-6.12303176911189E-17,0,1
elle;1;1;2.7028369878055E-16,1,1.66533453693773E-16;-1=-1%1,262=1%2,-1=-1%1,398=0%2;81.3911415990833,70.5416487878154,33.6458333333334|1,-2.7028369878055E-16,-2.09053381089431E-16|2.7028369878055E-16,1,1.66533453693773E-16
stick;1;1;-1.22460635382238E-16,1,-1.22460635382238E-16;-1=-1%1,-1=-1%1,279=1%2,-1=-1%1;102.536974932417,45.5416487878153,-20.2083333333334|-1.22460635382238E-16,1,-1.22460635382238E-16|-3.67381906146713E-16,-1.22460635382238E-16,-1
elle;1;1;2.7028369878055E-16,1,1.66533453693773E-16;396=3%2,-1=-1%1,-1=-1%1,-1=-1%1;86.3911415990833,70.5416487878154,43.6458333333334|1,-2.7028369878055E-16,-2.09053381089431E-16|2.7028369878055E-16,1,1.66533453693773E-16
stick;1;1;-1,0,1.48736275032424E-15;213=0%2,-1=-1%1,-1=-1%1,-1=-1%1;132.641141599083,110.437482121149,-35|-1,0,1.48736275032424E-15|9.10716937242894E-32,-1,6.12303176911189E-17
stick;1;1;1.22460635382238E-16,1,-2.44921270764476E-16;-1=-1%1,-1=-1%1,337=1%2,-1=-1%1;107.536974932417,50.5416487878154,14.7916666666667|1.22460635382238E-16,1,-2.44921270764476E-16|-4.28612223837832E-16,-2.44921270764475E-16,-1
