stick;1;1;1,0,0;8=3%2,1=2%2,2=1%2,18=0%2;61.2184240067299,95.6458154544821,0|1,0,0|0,1,0
stick;1;1;-1,0,0;13=0%2,9=3%2,0=1%2,41=3%2;61.2184240067299,90.6458154544821,0|-1,0,0|0,0,1
elle;1;1;0,0,1;4=2%2,0=2%2,3=1%2,67=1%2;59.9684240067299,99.2916487878155,4.89583333333334|0,1,0|0,0,1
elle;1;1;0,1,0;19=2%2,2=2%2,14=1%2,36=3%2;64.96842400673,110.541648787815,3.64583333333334|1,0,0|0,1,0
elle;1;1;0,0,-1;6=1%2,5=0%2,2=0%2,45=2%2;44.96842400673,94.2916487878154,4.89583333333334|1,0,0|0,0,-1
elle;1;1;-1.22460635382238E-16,-1,0;4=1%2,31=1%2,17=1%2,12=3%2;37.4684240067299,95.5416487878154,13.6458333333333|-1,1.22460635382238E-16,0|-1.22460635382238E-16,-1,0
stick;1;1;0,0,1;10=0%2,4=0%2,7=0%2,26=0%2;41.3225906733966,85.4374821211488,4.89583333333334|0,0,1|0,-1,0
elle;1;1;0,0,-1;6=2%2,54=2%2,134=0%2,20=2%2;49.9684240067299,81.7916487878154,4.89583333333334|0,-1,0|0,0,-1
stick;1;1;1,-1.27675647831893E-15,-8.65927457071936E-17;21=0%2,-2=-1%1,-2=-1%1,0=0%2;81.2184240067299,95.4374821211488,-4.44089209850063E-16|1,-1.27675647831893E-15,-8.65927457071936E-17|8.65927457071937E-17,8.65927457071934E-17,1
elle;1;1;-6.12303176911189E-17,1,0;-2=-1%1,11=1%2,52=2%2,1=1%2;59.96842400673,90.5416487878154,-6.35416666666667|1,6.12303176911189E-17,0|-6.12303176911189E-17,1,0
stick;1;1;0,0,-1;6=0%2,85=2%2,50=0%2,130=0%2;41.3225906733966,85.6458154544821,24.8958333333333|0,0,-1|0,1,0
elle;1;1;6.12303176911189E-17,-1,0;16=1%2,9=1%2,-1=-1%1,32=3%2;52.4684240067299,85.5416487878154,-6.35416666666667|-1,-6.12303176911189E-17,1.22460635382238E-16|6.12303176911189E-17,-1,0
elle;1;1;1.22460635382238E-16,1,0;-2=-1%1,30=1%2,49=0%2,5=3%2;37.4684240067299,95.5416487878154,21.1458333333333|-1,1.22460635382238E-16,0|1.22460635382238E-16,1,0
stick;1;1;-2.4980018054066E-15,-8.65927457071937E-17,1;1=0%2,-1=-1%1,-2=-1%1,75=3%2;51.1142573400633,90.4374821211488,-10.1041666666667|-2.4980018054066E-15,-8.65927457071936E-17,1|-1,-8.65927457071934E-17,-2.4980018054066E-15
elle;1;1;1,0,0;15=1%2,3=2%2,24=0%2,56=2%2;76.21842400673,111.791648787815,1.14583333333329|0,-1.22460635382238E-16,-1|1,0,0
stick;1;1;1,1.49966072182214E-32,1.22460635382238E-16;281=0%2,14=0%2,35=2%2,152=3%2;76.21842400673,120.645815454482,5|1,1.49966072182214E-32,1.22460635382238E-16|0,1,-1.22460635382238E-16
stick;1;1;-6.12303176911189E-17,1,0;58=3%2,11=0%2,216=3%2,166=3%2;56.1142573400632,85.5416487878154,-15.2083333333333|-6.12303176911189E-17,1,0|-1.22460635382238E-16,-7.49830360911069E-33,-1
elle;1;1;-1,1.22460635382238E-16,0;-2=-1%1,5=2%2,61=3%2,28=3%2;26.2184240067299,99.2916487878155,13.6458333333333|1.22460635382238E-16,1,6.12303176911189E-17|-1,1.22460635382238E-16,0
stick;1;1;1,8.65927457071936E-17,-1.27675647831893E-15;0=3%2,-1=-1%1,23=1%2,25=3%2;41.2184240067299,95.6458154544821,-0.20833333333332|1,8.65927457071936E-17,-1.27675647831893E-15|-1.27675647831893E-15,8.65927457071934E-17,-1
stick;1;1;-1,-6.12303176911189E-17,0;68=3%2,48=2%2,3=0%2,53=3%2;61.2184240067299,110.437482121149,-5|-1,-6.12303176911189E-17,0|6.12303176911189E-17,-1,0
stick;1;1;0,1.22460635382238E-16,1;79=0%2,22=3%2,7=3%2,42=0%2;56.1142573400632,80.6458154544821,4.89583333333334|0,1.22460635382238E-16,1|0,1,-1.22460635382238E-16
stick;1;1;2.66453525910038E-15,1.73185491414384E-16,1;8=0%2,29=3%2,43=1%2,275=3%2;91.3225906733966,95.6458154544821,-10.1041666666667|2.66453525910038E-15,1.73185491414384E-16,1|1,-1.19016373261174E-15,-2.66453525910038E-15
elle;1;1;-1,7.49830360911069E-33,6.12303176911189E-17;-2=-1%1,256=2%2,-1=-1%1,20=1%2;56.2184240067299,74.2916487878154,6.14583333333333|-6.12303176911189E-17,-1.22460635382238E-16,-1|-1,7.49830360911069E-33,6.12303176911189E-17
elle;1;1;-8.65927457071935E-17,1,8.65927457071935E-17;176=3%2,18=2%2,-2=-1%1,-1=-1%1;39.9684240067299,100.541648787815,-3.85416666666669|-1.27675647831893E-15,8.65927457071934E-17,-1|-8.65927457071935E-17,1,8.65927457071935E-17
elle;1;1;1,1.22460635382238E-16,-1.49966072182214E-32;14=2%2,-2=-1%1,-1=-1%1,27=2%2;76.21842400673,114.291648787815,-13.8541666666667|-1.22460635382238E-16,1,-1.22460635382238E-16|1,1.22460635382238E-16,-1.49966072182214E-32
stick;1;1;-1,-1.66533453693773E-16,1.27675647831893E-15;34=3%2,39=2%2,76=2%2,18=3%2;21.2184240067299,95.4374821211488,-0.208333333333295|-1,-1.66533453693774E-16,1.27675647831893E-15|-1.27675647831893E-15,8.65927457071936E-17,-1
stick;1;1;-1.27675647831893E-15,-8.65927457071936E-17,1;6=3%2,44=1%2,33=1%2,156=3%2;41.1142573400633,85.4374821211488,-15.1041666666667|-1.27675647831893E-15,-8.65927457071936E-17,1|-1,-8.65927457071934E-17,-1.27675647831893E-15
stick;1;1;-1,-2.44921270764475E-16,2.99932144364427E-32;244=3%2,63=1%2,24=3%2,167=3%2;76.21842400673,115.437482121149,-20|-1,-2.44921270764475E-16,2.99932144364427E-32|2.44921270764475E-16,-1,1.22460635382238E-16
elle;1;1;1.83690953073357E-16,1,6.12303176911189E-17;62=3%2,-1=-1%1,60=2%2,17=3%2;27.4684240067299,100.541648787815,21.1458333333333|-1,1.83690953073357E-16,3.74915180455534E-33|1.83690953073357E-16,1,6.12303176911189E-17
elle;1;1;2.66453525910038E-15,1.73185491414384E-16,1;91=3%2,40=1%2,51=2%2,21=1%2;84.9684240067299,94.2916487878154,-10.1041666666667|1.19016373261174E-15,1,-1.73185491414387E-16|2.66453525910038E-15,1.73185491414384E-16,1
elle;1;1;-1.22460635382238E-16,-1,0;223=3%2,12=1%2,-2=-1%1,-2=-1%1;44.96842400673,90.5416487878154,21.1458333333333|1,-1.22460635382238E-16,-1.22460635382238E-16|-1.22460635382238E-16,-1,0
stick;1;1;1,-1.22460635382238E-16,6.12303176911189E-17;-1=-1%1,5=1%2,38=2%2,-1=-1%1;41.2184240067299,100.645815454482,15|1,-1.22460635382238E-16,6.12303176911189E-17|1.22460635382238E-16,1,0
elle;1;1;-6.12303176911189E-17,1,0;65=0%2,-1=-1%1,-1=-1%1,11=3%2;52.4684240067299,85.5416487878154,1.14583333333333|-1,-6.12303176911189E-17,1.22460635382238E-16|-6.12303176911189E-17,1,0
elle;1;1;8.65927457071935E-17,-1,-8.65927457071935E-17;-1=-1%1,26=2%2,-1=-1%1,37=1%2;44.96842400673,80.5416487878154,-13.8541666666667|1,8.65927457071934E-17,1.15429584293669E-15|8.65927457071935E-17,-1,-8.65927457071935E-17
stick;1;1;-1,-7.99407079865801E-17,2.4980018054066E-15;-1=-1%1,47=2%2,132=0%2,25=0%2;1.21842400672995,95.4374821211488,7.54951656745106E-14|-1,-7.99407079865801E-17,2.4980018054066E-15|7.99407079865796E-17,-1,-1.73185491414387E-16
elle;1;1;-1,-1.49966072182214E-32,-1.22460635382238E-16;191=3%2,243=1%2,15=2%2,249=1%2;76.21842400673,119.291648787815,16.1458333333333|1.22460635382238E-16,-1.22460635382238E-16,-1|-1,-1.49966072182214E-32,-1.22460635382238E-16
elle;1;1;1.22460635382238E-16,1,0;-1=-1%1,-2=-1%1,46=1%2,3=3%2;67.46842400673,110.541648787815,11.1458333333333|-1,1.22460635382238E-16,0|1.22460635382238E-16,1,0
elle;1;1;1.15429584293669E-15,8.65927457071936E-17,-1;-1=-1%1,33=3%2,115=3%2,-2=-1%1;49.96842400673,79.2916487878154,-20.1041666666667|1,8.65927457071934E-17,1.15429584293669E-15|1.15429584293669E-15,8.65927457071936E-17,-1
elle;1;1;-1,1.22460635382238E-16,-6.12303176911189E-17;-2=-1%1,-1=-1%1,31=2%2,-1=-1%1;41.2184240067299,99.2916487878154,26.1458333333333|6.12303176911189E-17,-7.49830360911069E-33,-1|-1,1.22460635382238E-16,-6.12303176911189E-17
stick;1;1;-1,-4.40728183115358E-17,1.27675647831893E-15;-1=-1%1,261=2%2,25=1%2,-1=-1%1;21.21842400673,95.6458154544821,4.79166666666671|-1,-4.40728183115358E-17,1.27675647831893E-15|-4.40728183115357E-17,1,8.65927457071934E-17
elle;1;1;-2.66453525910038E-15,-1.73185491414384E-16,-1;-2=-1%1,29=1%2,66=2%2,-1=-1%1;84.9684240067299,86.7916487878153,-15.1041666666667|-1.0677030972295E-15,-1,1.73185491414387E-16|-2.66453525910038E-15,-1.73185491414384E-16,-1
stick;1;1;0,-1,8.65927457071935E-17;133=0%2,71=0%2,98=1%2,1=3%2;71.3225906733966,80.5416487878154,-0.208333333333332|0,-1,8.65927457071935E-17|-8.65927457071935E-17,-8.65927457071935E-17,-1
stick;1;1;-1,-1.4791141972894E-31,-1.27675647831893E-15;20=3%2,57=0%2,92=2%2,-1=-1%1;66.2184240067299,80.4374821211487,-5.20833333333332|-1,-1.4791141972894E-31,-1.27675647831893E-15|1.27675647831893E-15,-1.22460635382238E-16,-1
stick;1;1;2.54207462371814E-15,1.73185491414384E-16,1;70=0%2,21=2%2,-1=-1%1,93=3%2;91.1142573400633,100.645815454482,-10.1041666666667|2.54207462371814E-15,1.73185491414384E-16,1|1.19016373261174E-15,1,-1.73185491414387E-16
elle;1;1;1,8.65927457071934E-17,1.27675647831893E-15;170=1%2,26=1%2,175=2%2,-1=-1%1;46.2184240067299,86.7916487878154,-18.8541666666667|1.27675647831893E-15,2.53624280160748E-17,-1|1,8.65927457071934E-17,1.27675647831893E-15
elle;1;1;-1,0,-6.12303176911189E-17;-1=-1%1,-1=-1%1,4=3%2,-2=-1%1;46.2184240067299,106.791648787815,6.14583333333334|0,-1,0|-1,0,-6.12303176911189E-17
stick;1;1;1.22460635382238E-16,1,1.22460635382238E-16;73=0%2,36=2%2,55=2%2,109=3%2;56.1142573400633,110.541648787815,10|1.22460635382238E-16,1,1.22460635382238E-16|-1,1.22460635382238E-16,0
elle;1;1;-2.43677148771548E-15,1.73185491414387E-16,-1;174=1%2,74=2%2,34=1%2,77=1%2;-0.0315759932700543,106.791648787815,-0.104166666666586|7.99407079865796E-17,-1,-1.73185491414387E-16|-2.43677148771548E-15,1.73185491414387E-16,-1
elle;1;1;6.12303176911189E-17,3.74915180455534E-33,-1;210=1%2,101=2%2,19=1%2,124=1%2;59.9684240067299,121.791648787815,-5.10416666666666|6.12303176911189E-17,-1,0|6.12303176911189E-17,3.74915180455534E-33,-1
elle;1;1;-1.22460635382238E-16,-1,0;12=2%2,-1=-1%1,-1=-1%1,149=1%2;22.4684240067299,95.5416487878154,16.1458333333333|0,0,-1|-1.22460635382238E-16,-1,0
elle;1;1;0,-1.22460635382238E-16,-1;10=2%2,64=3%2,102=1%2,-2=-1%1;49.9684240067299,81.7916487878154,24.8958333333333|0,-1,1.22460635382238E-16|0,-1.22460635382238E-16,-1
elle;1;1;2.54207462371814E-15,1.73185491414384E-16,1;-2=-1%1,95=2%2,29=2%2,120=2%2;87.4684240067299,111.791648787815,-10.1041666666667|-1.19016373261174E-15,-1,1.73185491414387E-16|2.54207462371814E-15,1.73185491414384E-16,1
elle;1;1;3.74915180455534E-33,-6.12303176911189E-17,-1;241=0%2,78=2%2,9=2%2,-1=-1%1;77.4684240067299,91.7916487878154,-5.10416666666667|-1,-6.12303176911189E-17,0|3.74915180455534E-33,-6.12303176911189E-17,-1
stick;1;1;0,-8.65927457071935E-17,-1;136=3%2,59=3%2,-1=-1%1,19=3%2;71.3225906733966,110.645815454482,-15.1041666666667|0,-8.65927457071936E-17,-1|-1.47823063398312E-16,1,-8.65927457071936E-17
stick;1;1;6.12303176911189E-17,1,0;-1=-1%1,-1=-1%1,7=1%2,107=0%2;51.3225906733966,85.5416487878154,9.79166666666667|6.12303176911189E-17,1,0|1,-6.12303176911189E-17,0
stick;1;1;-1.22460635382238E-16,-1,-1.22460635382238E-16;-1=-1%1,257=2%2,46=2%2,110=0%2;56.1142573400633,110.541648787815,14.7916666666667|-1.22460635382238E-16,-1,-1.22460635382238E-16|-1,1.22460635382238E-16,0
stick;1;1;1,0,0;83=3%2,-1=-1%1,14=3%2,-1=-1%1;76.21842400673,105.645815454482,-0.208333333333366|1,0,0|0,-1.22460635382238E-16,-1
elle;1;1;-1,1.22460635382238E-16,-1.27675647831893E-15;42=1%2,-2=-1%1,212=1%2,89=0%2;66.2184240067299,84.2916487878154,3.64583333333335|1.22460635382238E-16,1,-1.22460635382238E-16|-1,1.22460635382238E-16,-1.27675647831893E-15
stick;1;1;2.53624280160749E-17,1,1.27675647831893E-15;222=0%2,72=3%2,180=0%2,16=0%2;56.1142573400632,105.541648787815,-15|2.53624280160749E-17,1,1.27675647831893E-15|-1,2.53624280160748E-17,3.58678896750443E-17
elle;1;1;1,1.47823063398312E-16,-6.12303176911189E-17;94=3%2,184=1%2,-1=-1%1,53=1%2;71.2184240067299,104.291648787815,-16.3541666666667|6.12303176911189E-17,8.65927457071936E-17,1|1,1.47823063398312E-16,-6.12303176911189E-17
stick;1;1;-1.83690953073357E-16,-1,-6.12303176911189E-17;-1=-1%1,-1=-1%1,28=2%2,168=0%2;16.3225906733965,100.541648787815,19.7916666666667|-1.83690953073357E-16,-1,-6.12303176911189E-17|7.49830360911069E-33,6.12303176911189E-17,-1
elle;1;1;-6.12303176911189E-17,-6.12303176911189E-17,1;-1=-1%1,-1=-1%1,-1=-1%1,17=2%2;24.9684240067299,111.791648787815,14.8958333333333|1,-1.22460635382238E-16,6.12303176911189E-17|-6.12303176911189E-17,-6.12303176911189E-17,1
elle;1;1;-3.06151588455594E-16,-1,-6.12303176911189E-17;84=1%2,69=1%2,-1=-1%1,28=0%2;29.9684240067299,100.541648787815,31.1458333333333|1,-3.06151588455594E-16,-1.1247455413666E-32|-3.06151588455594E-16,-1,-6.12303176911189E-17
stick;1;1;-1,-2.44921270764475E-16,-1.22460635382238E-16;142=3%2,27=1%2,97=0%2,125=0%2;76.21842400673,120.645815454482,-20.2083333333334|-1,-2.44921270764475E-16,-1.22460635382238E-16|-2.44921270764475E-16,1,-1.22460635382238E-16
elle;1;1;1,-1.22460635382238E-16,1.49966072182214E-32;117=1%2,81=2%2,165=3%2,50=1%2;51.2184240067299,84.2916487878154,31.1458333333333|1.22460635382238E-16,1,-1.22460635382238E-16|1,-1.22460635382238E-16,1.49966072182214E-32
elle;1;1;6.12303176911189E-17,-1,0;32=0%2,88=1%2,-1=-1%1,119=1%2;52.4684240067299,85.5416487878154,13.6458333333333|-1,-6.12303176911189E-17,1.22460635382238E-16|6.12303176911189E-17,-1,0
elle;1;1;2.66453525910038E-15,1.73185491414384E-16,1;99=1%2,187=1%2,40=2%2,82=2%2;84.9684240067299,69.2916487878153,-15.1041666666667|1.0677030972295E-15,1,-1.73185491414387E-16|2.66453525910038E-15,1.73185491414384E-16,1
stick;1;1;0,0,1;-1=-1%1,2=3%2,-1=-1%1,-1=-1%1;66.3225906733966,100.645815454482,4.89583333333334|0,0,1|1,0,0
stick;1;1;-1,1.27675647831893E-15,-8.65927457071936E-17;-1=-1%1,-1=-1%1,234=3%2,19=0%2;41.2184240067299,110.645815454482,-5|-1,1.27675647831893E-15,-8.65927457071936E-17|-8.65927457071937E-17,-8.65927457071934E-17,1
stick;1;1;-1.22460635382238E-16,-6.12303176911188E-17,1;272=3%2,62=1%2,96=2%2,135=0%2;26.1142573400632,105.645815454482,29.8958333333333|-1.22460635382238E-16,-6.12303176911188E-17,1|3.06151588455594E-16,1,6.12303176911189E-17
stick;1;1;-2.54207462371814E-15,-1.11022302462516E-16,-1;43=0%2,-1=-1%1,-1=-1%1,-1=-1%1;91.1142573400633,100.437482121149,9.89583333333333|-2.54207462371814E-15,-1.11022302462516E-16,-1|-1.19016373261174E-15,-1,1.11022302462519E-16
elle;1;1;-1,6.12303176911189E-17,8.65927457071935E-17;41=1%2,-2=-1%1,-2=-1%1,280=1%2;71.2184240067299,84.2916487878155,8.64583333333333|6.12303176911189E-17,1,-8.65927457071935E-17|-1,6.12303176911189E-17,8.65927457071935E-17
elle;1;1;3.58678896750443E-17,-1.21552616062781E-15,1;-1=-1%1,90=0%2,111=1%2,58=1%2;62.4684240067299,106.791648787815,-15.1041666666667|-2.53624280160748E-17,-1,-1.21552616062781E-15|3.58678896750443E-17,-1.21552616062781E-15,1
stick;1;1;-2.22044604925031E-16,-1,-1.22460635382238E-16;46=0%2,-1=-1%1,-1=-1%1,-1=-1%1;56.3225906733966,130.541648787815,10|-2.22044604925031E-16,-1,-1.22460635382238E-16|1,-2.22044604925031E-16,1.23259516440783E-32
stick;1;1;1,7.994070798658E-17,-2.43677148771548E-15;-1=-1%1,164=1%2,47=1%2,-1=-1%1;1.21842400672996,110.437482121149,4.79166666666675|1,7.994070798658E-17,-2.43677148771548E-15|7.99407079865796E-17,-1,-1.73185491414387E-16
stick;1;1;-1.73185491414387E-16,1,2.77555756156289E-16;-1=-1%1,87=2%2,246=2%2,13=3%2;51.3225906733967,100.541648787815,-20.2083333333333|-1.73185491414387E-16,1,2.77555756156289E-16|1,1.73185491414386E-16,2.5845945511138E-15
elle;1;1;1,1.66533453693774E-16,-1.27675647831893E-15;-1=-1%1,-1=-1%1,25=2%2,276=3%2;21.21842400673,84.2916487878154,1.14583333333337|-1.66533453693773E-16,1,8.65927457071938E-17|1,1.66533453693774E-16,-1.27675647831893E-15
stick;1;1;2.43677148771548E-15,-5.07248560321491E-17,1;221=3%2,47=3%2,112=0%2,154=3%2;6.32259067339661,105.645815454482,-0.104166666666601|2.43677148771548E-15,-5.07248560321491E-17,1|1,7.994070798658E-17,-2.43677148771548E-15
elle;1;1;1,0,3.74915180455534E-33;-1=-1%1,-1=-1%1,52=1%2,-2=-1%1;81.21842400673,91.7916487878154,6.14583333333333|3.74915180455534E-33,-6.12303176911189E-17,-1|1,0,3.74915180455534E-33
stick;1;1;0,-1.11022302462516E-16,-1;20=0%2,80=0%2,-1=-1%1,123=3%2;56.1142573400632,80.4374821211487,24.8958333333333|0,-1.11022302462516E-16,-1|0,-1,1.11022302462516E-16
elle;1;1;1,6.79793085057932E-33,6.12303176911189E-17;79=1%2,-1=-1%1,-1=-1%1,158=3%2;56.2184240067299,89.2916487878154,28.6458333333334|-6.12303176911189E-17,1.11022302462516E-16,1|1,6.79793085057932E-33,6.12303176911189E-17
elle;1;1;-1.22460635382238E-16,-1,6.12303176911189E-17;185=0%2,144=2%2,64=1%2,-2=-1%1;39.9684240067299,80.5416487878154,31.1458333333333|1,-1.22460635382238E-16,1.49966072182214E-32|-1.22460635382238E-16,-1,6.12303176911189E-17
stick;1;1;-1.0677030972295E-15,-1,2.34415809105506E-16;-1=-1%1,-1=-1%1,66=3%2,-1=-1%1;91.1142573400632,70.5416487878153,-15|-1.0677030972295E-15,-1,2.34415809105506E-16|2.66453525910038E-15,2.34415809105503E-16,1
stick;1;1;-1.27675647831893E-15,1.22460635382238E-16,1;-1=-1%1,-1=-1%1,-1=-1%1,56=0%2;86.3225906733966,105.437482121149,9.8958333333333|-1.27675647831893E-15,1.22460635382238E-16,1|0,-1,1.22460635382238E-16
stick;1;1;-1,3.67381906146713E-16,1.49966072182214E-32;-1=-1%1,62=0%2,-2=-1%1,200=3%2;26.2184240067299,100.645815454482,40|-1,3.67381906146713E-16,1.49966072182214E-32|-7.49830360911069E-33,-6.12303176911189E-17,1
elle;1;1;-1.22460635382238E-16,0,-1;-2=-1%1,86=0%2,10=1%2,122=0%2;42.4684240067299,74.2916487878154,24.8958333333333|0,1,0|-1.22460635382238E-16,0,-1
elle;1;1;-1,0,1.22460635382238E-16;85=1%2,126=0%2,-2=-1%1,138=0%2;41.2184240067299,74.2916487878154,33.6458333333333|0,1,0|-1,0,1.22460635382238E-16
elle;1;1;-1.73185491414387E-16,1,4.00016391538527E-16;213=1%2,-2=-1%1,75=1%2,162=1%2;39.96842400673,100.541648787815,-21.3541666666667|1,1.73185491414386E-16,2.5845945511138E-15|-1.73185491414387E-16,1,4.00016391538527E-16
elle;1;1;-6.12303176911189E-17,1,0;-1=-1%1,65=1%2,147=0%2,-1=-1%1;52.4684240067299,90.5416487878154,16.1458333333333|-1,-6.12303176911189E-17,1.22460635382238E-16|-6.12303176911189E-17,1,0
elle;1;1;1,-2.44921270764475E-16,1.27675647831893E-15;57=3%2,259=2%2,-1=-1%1,-1=-1%1;66.2184240067299,81.7916487878154,13.6458333333333|-2.44921270764475E-16,-1,1.22460635382237E-16|1,-2.44921270764475E-16,1.27675647831893E-15
elle;1;1;1,9.70982073661629E-17,-3.58678896750441E-17;72=1%2,105=0%2,-1=-1%1,-2=-1%1;61.2184240067299,114.291648787816,-23.8541666666666|-9.70982073661629E-17,1,1.21552616062781E-15|1,9.70982073661629E-17,-3.58678896750441E-17
elle;1;1;2.66453525910038E-15,1.73185491414384E-16,1;104=1%2,-2=-1%1,103=2%2,29=0%2;74.9684240067299,89.2916487878154,-10.1041666666666|1.19016373261174E-15,1,-1.73185491414387E-16|2.66453525910038E-15,1.73185491414384E-16,1
stick;1;1;1,1.4791141972894E-31,1.27675647831893E-15;-1=-1%1,-1=-1%1,42=2%2,-1=-1%1;66.2184240067299,75.6458154544821,-5.20833333333332|1,1.4791141972894E-31,1.27675647831893E-15|1.27675647831893E-15,-1.22460635382238E-16,-1
stick;1;1;1,-1.10357098690454E-15,-2.55351295663786E-15;-1=-1%1,-1=-1%1,-1=-1%1,43=3%2;101.21842400673,100.437482121149,-20.2083333333334|1,-1.10357098690454E-15,-2.55351295663786E-15|-1.10357098690454E-15,-1,2.59778237121581E-16
elle;1;1;1.22460635382238E-16,8.65927457071936E-17,1;113=2%2,114=0%2,-2=-1%1,59=0%2;72.4684240067299,94.2916487878155,-20.1041666666667|-1,-1.47823063398312E-16,1.22460635382238E-16|1.22460635382238E-16,8.65927457071936E-17,1
stick;1;1;1.12893341492062E-15,1,-1.73185491414387E-16;266=3%2,100=0%2,51=1%2,-1=-1%1;86.1142573400632,115.541648787815,-15|1.12893341492062E-15,1,-1.73185491414387E-16|-1,1.12893341492062E-15,2.54207462371814E-15
elle;1;1;-1.22460635382238E-16,-1.83690953073357E-16,1;-1=-1%1,-1=-1%1,69=2%2,160=2%2;14.9684240067299,106.791648787815,29.8958333333333|1,-3.06151588455594E-16,1.22460635382238E-16|-1.22460635382238E-16,-1.83690953073357E-16,1
elle;1;1;1,2.44921270764475E-16,1.22460635382238E-16;63=2%2,-1=-1%1,-1=-1%1,173=3%2;76.21842400673,124.291648787816,-28.8541666666667|-2.44921270764475E-16,1,-1.22460635382238E-16|1,2.44921270764475E-16,1.22460635382238E-16
elle;1;1;1,-7.49830360911068E-33,-8.65927457071935E-17;-1=-1%1,41=2%2,-1=-1%1,197=1%2;76.2184240067299,79.2916487878154,3.64583333333338|8.65927457071935E-17,2.09053381089431E-16,1|1,-7.49830360911068E-33,-8.65927457071935E-17
stick;1;1;-2.66453525910038E-15,-1.73185491414384E-16,-1;-1=-1%1,66=0%2,118=3%2,-1=-1%1;76.1142573400632,65.645815454482,-15.1041666666666|-2.66453525910038E-15,-1.73185491414384E-16,-1|-1,1.0677030972295E-15,2.66453525910038E-15
elle;1;1;-1.12893341492062E-15,-1,1.73185491414387E-16;95=1%2,-1=-1%1,240=2%2,-1=-1%1;94.9684240067299,115.541648787815,-11.3541666666666|2.54207462371814E-15,1.73185491414384E-16,1|-1.12893341492062E-15,-1,1.73185491414387E-16
stick;1;1;0,1,3.74915180455534E-33;-1=-1%1,-1=-1%1,48=1%2,-1=-1%1;61.3225906733966,125.541648787815,-0.208333333333326|0,1,3.74915180455534E-33|1,-2.29561756065155E-49,6.12303176911189E-17
elle;1;1;0,-1,1.22460635382238E-16;-2=-1%1,50=2%2,-1=-1%1,-2=-1%1;54.96842400673,70.5416487878154,26.1458333333333|1,0,0|0,-1,1.22460635382238E-16
stick;1;1;-2.66453525910038E-15,-1.73185491414384E-16,-1;-1=-1%1,157=3%2,91=2%2,108=3%2;76.3225906733966,100.437482121149,-10.1041666666666|-2.66453525910038E-15,-1.73185491414384E-16,-1|1,-1.19016373261174E-15,-2.66453525910038E-15
stick;1;1;-2.66453525910038E-15,-1.73185491414384E-16,-1;-1=-1%1,91=0%2,106=2%2,-1=-1%1;66.1142573400632,85.645815454482,-10.1041666666666|-2.66453525910038E-15,-1.73185491414384E-16,-1|-1,1.19016373261174E-15,2.66453525910038E-15
elle;1;1;9.70982073661629E-17,-1,-1.27675647831893E-15;90=1%2,-1=-1%1,-1=-1%1,211=1%2;52.4684240067299,110.541648787815,-28.8541666666667|-3.58678896750443E-17,1.27675647831893E-15,-1|9.70982073661629E-17,-1,-1.27675647831893E-15
elle;1;1;-2.54207462371814E-15,-1.73185491414384E-16,-1;-2=-1%1,-1=-1%1,104=2%2,-1=-1%1;64.9684240067299,96.7916487878153,-10.1041666666666|-1.19016373261174E-15,-1,1.73185491414387E-16|-2.54207462371814E-15,-1.73185491414384E-16,-1
stick;1;1;1.47823063398312E-16,1,1.27675647831893E-15;54=3%2,-2=-1%1,129=0%2,-1=-1%1;51.3225906733966,65.5416487878154,9.99999999999999|1.47823063398312E-16,1,1.27675647831893E-15|8.65927457071934E-17,-1.27675647831893E-15,1
stick;1;1;2.66453525910038E-15,1.66533453693773E-16,1;161=0%2,116=1%2,131=3%2,103=3%2;76.3225906733966,100.645815454482,9.89583333333337|2.66453525910038E-15,1.66533453693774E-16,1|1,-1.19016373261174E-15,-2.66453525910038E-15
stick;1;1;-8.65927457071935E-17,1.66533453693773E-16,-1;-1=-1%1,155=0%2,-1=-1%1,46=3%2;56.3225906733966,100.437482121149,-0.104166666666663|-8.65927457071935E-17,1.66533453693774E-16,-1|1,-3.58678896750442E-17,-8.65927457071935E-17
stick;1;1;1.72563323017096E-31,1.38777878078145E-15,-1;55=3%2,-1=-1%1,-1=-1%1,-1=-1%1;56.3225906733966,120.645815454482,24.8958333333333|1.72563323017096E-31,1.38777878078145E-15,-1|1.22460635382238E-16,1,1.38777878078145E-15
stick;1;1;1.58328525057282E-16,-1.21552616062781E-15,1;-1=-1%1,72=2%2,127=2%2,159=0%2;61.3225906733966,95.4374821211488,-15.1041666666667|1.58328525057282E-16,-1.21552616062781E-15,1|-2.53624280160748E-17,-1,-1.21552616062781E-15
elle;1;1;2.31431085233325E-15,-5.07248560321491E-17,1;77=2%2,137=0%2,-2=-1%1,-1=-1%1;2.4684240067299,114.291648787815,-0.104166666666592|-1,-7.994070798658E-17,2.31431085233325E-15|2.31431085233325E-15,-5.07248560321491E-17,1
elle;1;1;2.44921270764475E-16,8.65927457071936E-17,1;296=0%2,-1=-1%1,94=0%2,237=2%2;74.96842400673,79.2916487878155,-20.1041666666667|-1.47823063398312E-16,1,-8.65927457071936E-17|2.44921270764475E-16,8.65927457071936E-17,1
elle;1;1;1,2.09053381089431E-16,-1.22460635382238E-16;94=1%2,163=3%2,285=1%2,128=3%2;76.21842400673,99.2916487878155,-28.8541666666667|-2.09053381089431E-16,1,-8.65927457071936E-17|1,2.09053381089431E-16,-1.22460635382238E-16
elle;1;1;-8.65927457071935E-17,1,2.53624280160747E-17;-1=-1%1,-1=-1%1,-1=-1%1,37=2%2;62.46842400673,80.5416487878154,-21.3541666666666|-1.15429584293669E-15,-2.53624280160748E-17,1|-8.65927457071935E-17,1,2.53624280160747E-17
elle;1;1;-1,1.19016373261174E-15,2.66453525910038E-15;-1=-1%1,108=1%2,-2=-1%1,-1=-1%1;71.2184240067299,99.2916487878154,6.14583333333334|-2.66453525910038E-15,-1.05303136002651E-16,-1|-1,1.19016373261174E-15,2.66453525910038E-15
elle;1;1;0,1.22460635382238E-16,1;-1=-1%1,64=0%2,-2=-1%1,-2=-1%1;47.4684240067299,79.2916487878154,39.8958333333333|-1,1.83690953073357E-16,-2.24949108273321E-32|0,1.22460635382238E-16,1
elle;1;1;-2.66453525910038E-15,-1.73185491414384E-16,-1;-2=-1%1,190=2%2,148=1%2,99=2%2;77.4684240067299,71.7916487878153,-15.1041666666666|-1,1.0677030972295E-15,2.66453525910038E-15|-2.66453525910038E-15,-1.73185491414384E-16,-1
elle;1;1;1.22460635382238E-16,7.49830360911069E-33,1;-2=-1%1,65=3%2,121=2%2,293=3%2;52.4684240067299,81.7916487878154,19.8958333333333|9.18247024260621E-49,-1,7.49830360911069E-33|1.22460635382238E-16,7.49830360911069E-33,1
stick;1;1;-2.54207462371814E-15,-5.07248560321464E-17,-1;-1=-1%1,202=2%2,51=3%2,-1=-1%1;81.3225906733966,110.645815454482,-10.1041666666666|-2.54207462371814E-15,-5.07248560321464E-17,-1|1.19016373261174E-15,1,-5.07248560321495E-17
stick;1;1;1,-4.59123512130311E-49,-1.83690953073357E-16;150=3%2,-1=-1%1,119=2%2,153=3%2;51.2184240067299,70.6458154544821,19.7916666666667|1,-4.59123512130311E-49,-1.83690953073357E-16|-1.83690953073357E-16,-7.49830360911069E-33,-1
elle;1;1;-1.22460635382238E-16,0,-1;85=3%2,151=0%2,227=0%2,178=1%2;32.4684240067299,79.2916487878155,24.8958333333333|0,1,0|-1.22460635382238E-16,0,-1
stick;1;1;1,-8.65927457071935E-17,0;-1=-1%1,183=2%2,-1=-1%1,79=3%2;66.2184240067299,80.6458154544821,35|1,-8.65927457071936E-17,0|8.65927457071936E-17,1,-1.97615048169709E-16
elle;1;1;1,6.12303176911189E-17,6.12303176911189E-17;-2=-1%1,48=3%2,300=3%2,145=1%2;66.2184240067299,124.291648787815,-3.85416666666666|-6.12303176911189E-17,1,-1.22460635382238E-16|1,6.12303176911189E-17,6.12303176911189E-17
stick;1;1;-1,-1.58328525057282E-16,1.11022302462516E-15;63=3%2,177=3%2,139=2%2,268=0%2;96.21842400673,120.645815454482,-20|-1,-1.58328525057282E-16,1.11022302462516E-15|1.11022302462516E-15,2.09053381089431E-16,1
elle;1;1;-1.22460635382238E-16,-1.22460635382238E-16,-1;86=1%2,-1=-1%1,271=3%2,-1=-1%1;49.9684240067299,66.7916487878154,34.8958333333333|1.49966072182214E-32,-1,1.22460635382238E-16|-1.22460635382238E-16,-1.22460635382238E-16,-1
elle;1;1;1.58328525057282E-16,-1.09306552524557E-15,1;215=3%2,-1=-1%1,111=2%2,-2=-1%1;72.4684240067299,94.2916487878154,-15.1041666666667|-1,2.53624280160747E-17,1.58328525057282E-16|1.58328525057282E-16,-1.09306552524557E-15,1
elle;1;1;-1,-2.09053381089431E-16,1.22460635382238E-16;-1=-1%1,198=0%2,218=2%2,114=3%2;76.21842400673,99.2916487878155,-36.3541666666667|-2.09053381089431E-16,1,-8.65927457071936E-17|-1,-2.09053381089431E-16,1.22460635382238E-16
elle;1;1;-1.47823063398312E-16,-1,-1.27675647831893E-15;107=2%2,-1=-1%1,-1=-1%1,-1=-1%1;59.9684240067299,65.5416487878154,13.6458333333334|8.65927457071934E-17,-1.27675647831893E-15,1|-1.47823063398312E-16,-1,-1.27675647831893E-15
stick;1;1;-1.22124532708767E-15,8.65927457071937E-17,-1;10=3%2,220=1%2,-1=-1%1,-1=-1%1;41.1142573400633,85.6458154544821,44.8958333333333|-1.22124532708767E-15,8.65927457071937E-17,-1|-1,8.65927457071934E-17,1.22124532708767E-15
elle;1;1;-2.54207462371814E-15,-1.66533453693774E-16,-1;204=2%2,-1=-1%1,-1=-1%1,108=2%2;77.46842400673,106.791648787815,9.89583333333336|-1,1.19016373261174E-15,2.54207462371814E-15|-2.54207462371814E-15,-1.66533453693774E-16,-1
elle;1;1;1,7.99407079865801E-17,-2.4980018054066E-15;34=2%2,229=0%2,-1=-1%1,265=0%2;1.21842400672997,91.7916487878154,8.64583333333341|7.99407079865796E-17,-1,-1.73185491414387E-16|1,7.99407079865801E-17,-2.4980018054066E-15
stick;1;1;6.16297582203915E-33,1,-1.11022302462516E-16;41=0%2,-1=-1%1,-1=-1%1,-1=-1%1;71.3225906733966,60.5416487878154,2.66453525910038E-15|6.16297582203915E-33,1,-1.11022302462516E-16|8.65927457071935E-17,1.11022302462516E-16,1
elle;1;1;0,0,1;7=2%2,143=3%2,196=2%2,206=2%2;54.96842400673,66.7916487878154,4.89583333333334|1,0,0|0,0,1
stick;1;1;-1,3.06151588455594E-16,-1.38777878078145E-15;69=3%2,-1=-1%1,-1=-1%1,-1=-1%1;36.2184240067299,105.437482121149,19.7916666666667|-1,3.06151588455594E-16,-1.38777878078145E-15|1.38777878078145E-15,6.12303176911184E-17,-1
stick;1;1;-8.65927457071933E-17,-1.38777878078145E-15,-1;209=3%2,233=1%2,-1=-1%1,53=0%2;71.3225906733966,110.437482121149,-35.1041666666667|-8.65927457071933E-17,-1.38777878078145E-15,-1|1,2.34415809105506E-16,-8.65927457071936E-17
elle;1;1;-7.99407079865799E-17,1,5.07248560321493E-17;112=1%2,-1=-1%1,188=1%2,-1=-1%1;2.46842400672988,115.541648787815,-8.8541666666666|-1,-7.994070798658E-17,2.31431085233325E-15|-7.99407079865799E-17,1,5.07248560321493E-17
elle;1;1;1,-1.22460635382238E-16,-1.22460635382238E-16;86=3%2,193=2%2,169=2%2,255=2%2;41.2184240067299,71.7916487878154,43.6458333333333|-1.22460635382238E-16,-1,1.49966072182214E-32|1,-1.22460635382238E-16,-1.22460635382238E-16
elle;1;1;1,1.58328525057282E-16,-1.11022302462516E-15;140=1%2,-1=-1%1,125=2%2,146=1%2;96.21842400673,131.791648787815,-21.3541666666667|1.58328525057282E-16,-1,2.09053381089431E-16|1,1.58328525057282E-16,-1.11022302462516E-15
stick;1;1;-2.19558842748401E-16,1,-2.09053381089431E-16;179=0%2,139=0%2,141=3%2,-1=-1%1;96.1142573400633,135.541648787816,-30.2083333333334|-2.19558842748401E-16,1,-2.09053381089431E-16|-1.11022302462516E-15,-2.09053381089431E-16,-1
elle;1;1;2.19558842748401E-16,-1,8.65927457071935E-17;-1=-1%1,245=0%2,-1=-1%1,140=2%2;89.96842400673,135.541648787816,-31.3541666666667|1.11022302462516E-15,8.65927457071937E-17,1|2.19558842748401E-16,-1,8.65927457071935E-17
stick;1;1;-1,-1.55431223447522E-15,-3.5867889675044E-17;195=3%2,-2=-1%1,-2=-1%1,63=0%2;56.21842400673,120.437482121149,-20.2083333333334|-1,-1.55431223447522E-15,-3.5867889675044E-17|3.5867889675044E-17,-3.58678896750443E-17,-1
elle;1;1;0,1,0;-1=-1%1,-1=-1%1,203=2%2,134=1%2;49.9684240067299,65.5416487878154,-1.35416666666667|1,0,0|0,1,0
stick;1;1;7.49830360911069E-33,-6.12303176911189E-17,-1;-1=-1%1,-1=-1%1,81=1%2,-1=-1%1;36.3225906733965,85.4374821211487,29.8958333333333|7.49830360911069E-33,-6.12303176911189E-17,-1|1,-1.22460635382238E-16,1.49966072182214E-32
stick;1;1;1,6.12303176911189E-17,6.12303176911189E-17;-1=-1%1,124=3%2,-1=-1%1,-1=-1%1;66.2184240067299,125.645815454482,-10.2083333333333|1,6.12303176911189E-17,6.12303176911189E-17|6.12303176911189E-17,-1.22460635382238E-16,-1
elle;1;1;1.11022302462516E-15,2.09053381089431E-16,1;-1=-1%1,139=3%2,181=3%2,-1=-1%1;99.96842400673,131.791648787815,-15.1041666666667|1,9.70982073661628E-17,-1.11022302462516E-15|1.11022302462516E-15,2.09053381089431E-16,1
elle;1;1;-6.12303176911189E-17,1,1.22460635382238E-16;88=2%2,-1=-1%1,-2=-1%1,219=2%2;37.4684240067299,90.5416487878154,18.6458333333334|1.22460635382238E-16,-1.22460635382238E-16,1|-6.12303176911189E-17,1,1.22460635382238E-16
stick;1;1;-2.66453525910038E-15,-5.07248560321463E-17,-1;-1=-1%1,118=2%2,-1=-1%1,-1=-1%1;66.1142573400632,70.645815454482,-15.1041666666666|-2.66453525910038E-15,-5.07248560321463E-17,-1|-1,1.0677030972295E-15,2.66453525910038E-15
stick;1;1;1.22460635382238E-16,1,1.22460635382238E-16;-1=-1%1,49=3%2,-1=-1%1,-1=-1%1;16.1142573400632,95.5416487878154,15|1.22460635382238E-16,1,1.22460635382238E-16|-1,1.22460635382238E-16,0
stick;1;1;1,-8.65927457071935E-17,1.11022302462516E-15;201=0%2,-1=-1%1,-1=-1%1,121=0%2;71.2184240067299,70.6458154544821,20|1,-8.65927457071935E-17,1.11022302462516E-15|8.65927457071936E-17,1,-8.65927457071935E-17
elle;1;1;-6.12303176911189E-17,-1,7.49830360911069E-33;122=1%2,-1=-1%1,287=1%2,182=0%2;27.4684240067299,75.5416487878154,33.6458333333333|-1,6.12303176911189E-17,1.22460635382238E-16|-6.12303176911189E-17,-1,7.49830360911069E-33
stick;1;1;-1,-2.46519032881566E-32,-1.66533453693773E-16;-1=-1%1,-1=-1%1,-1=-1%1,15=3%2;56.21842400673,120.645815454482,4.79166666666667|-1,-2.46519032881566E-32,-1.66533453693774E-16|-4.25811073641865E-33,1,-1.22460635382238E-16
stick;1;1;0,-1,-8.65927457071935E-17;283=0%2,-2=-1%1,171=1%2,121=3%2;41.1142573400632,60.5416487878154,20|0,-1,-8.65927457071935E-17|2.7028369878055E-16,-8.65927457071935E-17,1
stick;1;1;-2.43677148771548E-15,0,-1;-1=-1%1,-1=-1%1,-1=-1%1,77=3%2;6.32259067339656,105.437482121149,-20.1041666666666|-2.43677148771548E-15,0,-1|1,7.994070798658E-17,-2.43677148771548E-15
elle;1;1;-8.65927457071935E-17,2.88994089076011E-16,-1;109=1%2,-1=-1%1,299=1%2,-1=-1%1;47.46842400673,104.291648787815,-0.104166666666662|3.58678896750442E-17,1,2.88994089076011E-16|-8.65927457071935E-17,2.88994089076011E-16,-1
stick;1;1;-1.73185491414387E-16,1,1.66533453693773E-16;-1=-1%1,-1=-1%1,-1=-1%1,26=3%2;41.3225906733966,95.5416487878154,-25.2083333333333|-1.73185491414387E-16,1,1.66533453693774E-16|1,1.73185491414387E-16,1.36334922402612E-15
elle;1;1;-1.19016373261174E-15,-1,1.11955173723268E-16;-1=-1%1,-1=-1%1,-1=-1%1,103=1%2;69.9684240067299,100.541648787815,-11.3541666666666|2.66453525910038E-15,1.11955173723265E-16,1|-1.19016373261174E-15,-1,1.11955173723268E-16
elle;1;1;1,2.0393792551738E-32,1.83690953073357E-16;252=0%2,-2=-1%1,262=1%2,80=3%2;56.2184240067299,96.7916487878154,31.1458333333334|1.83690953073357E-16,-1.11022302462516E-16,-1|1,2.0393792551738E-32,1.83690953073357E-16
stick;1;1;-1.11022302462516E-15,-1.302118906335E-15,1;111=3%2,-1=-1%1,207=2%2,-1=-1%1;61.1142573400633,95.4374821211488,-35.1041666666667|-1.11022302462516E-15,-1.302118906335E-15,1|-1,-6.12303176911173E-17,-1.11022302462516E-15
elle;1;1;4.93038065763132E-32,1.83690953073357E-16,-1;-1=-1%1,-1=-1%1,96=3%2,-1=-1%1;17.4684240067299,94.2916487878155,29.8958333333333|3.06151588455594E-16,1,1.83690953073357E-16|4.93038065763132E-32,1.83690953073357E-16,-1
stick;1;1;1,-1.27675647831893E-15,-2.22044604925031E-16;108=0%2,-1=-1%1,-1=-1%1,-1=-1%1;66.21842400673,100.437482121149,20|1,-1.27675647831893E-15,-2.22044604925031E-16|2.22044604925031E-16,7.99407079865816E-17,1
elle;1;1;-2.5845945511138E-15,-4.00016391538527E-16,1;-1=-1%1,87=3%2,-1=-1%1,-2=-1%1;44.96842400673,101.791648787815,-15.1041666666667|1,1.73185491414386E-16,2.5845945511138E-15|-2.5845945511138E-15,-4.00016391538527E-16,1
elle;1;1;-2.09053381089431E-16,1,-2.53624280160747E-17;-1=-1%1,269=1%2,-1=-1%1,114=1%2;69.96842400673,95.5416487878155,-28.8541666666667|-1.22460635382238E-16,-2.53624280160747E-17,-1|-2.09053381089431E-16,1,-2.53624280160747E-17
stick;1;1;-1,-7.994070798658E-17,2.43677148771548E-15;189=0%2,74=1%2,-1=-1%1,239=0%2;1.21842400672996,115.645815454482,4.79166666666675|-1,-7.994070798658E-17,2.43677148771548E-15|-7.99407079865796E-17,1,1.73185491414387E-16
elle;1;1;1,-1.22460635382238E-16,1.49966072182214E-32;236=1%2,278=2%2,-2=-1%1,64=2%2;51.2184240067299,96.7916487878154,31.1458333333333|0,-1.22460635382238E-16,-1|1,-1.22460635382238E-16,1.49966072182214E-32
stick;1;1;0,-1,0;-1=-1%1,-1=-1%1,-1=-1%1,16=3%2;56.3225906733966,65.5416487878154,-15.2083333333333|0,-1,0|-1.22460635382238E-16,0,-1
stick;1;1;1,2.44921270764475E-16,0;-1=-1%1,-1=-1%1,-1=-1%1,27=3%2;96.21842400673,115.437482121149,-20.2083333333334|1,2.44921270764475E-16,0|2.44921270764475E-16,-1,1.22460635382238E-16
stick;1;1;1,1.11022302462516E-15,7.39557098644699E-32;60=3%2,-1=-1%1,-1=-1%1,-1=-1%1;6.21842400672988,110.645815454482,20|1,1.11022302462516E-15,7.39557098644699E-32|-1.11022302462516E-15,1,6.12303176911189E-17
stick;1;1;-1.83690953073357E-16,7.49830360911069E-33,-1;-1=-1%1,288=0%2,138=2%2,199=3%2;41.1142573400632,60.6458154544821,44.8958333333333|-1.83690953073357E-16,7.49830360911069E-33,-1|-1,1.22460635382238E-16,1.83690953073357E-16
elle;1;1;-8.65927457071935E-17,1,2.53624280160747E-17;-1=-1%1,44=0%2,-1=-1%1,172=0%2;47.4684240067299,95.5416487878154,-11.3541666666666|-1.39921711370117E-15,-2.53624280160748E-17,1|-8.65927457071935E-17,1,2.53624280160747E-17
stick;1;1;-3.30991134861275E-32,-1,-2.09053381089431E-16;273=0%2,153=2%2,238=3%2,-1=-1%1;36.1142573400632,60.5416487878154,19.7916666666667|-3.30991134861275E-32,-1,-2.09053381089431E-16|-1,-2.34046075973039E-32,2.7028369878055E-16
elle;1;1;8.65927457071936E-17,-1,-1.47823063398312E-16;170=3%2,-1=-1%1,-1=-1%1,248=1%2;37.4684240067299,95.5416487878154,-13.8541666666667|1.39921711370117E-15,1.47823063398313E-16,-1|8.65927457071936E-17,-1,-1.47823063398312E-16
elle;1;1;-3.06151588455594E-16,1,-1.22460635382238E-16;192=2%2,231=0%2,292=1%2,97=3%2;74.96842400673,125.541648787816,-36.3541666666667|1,3.06151588455594E-16,1.22460635382238E-16|-3.06151588455594E-16,1,-1.22460635382238E-16
elle;1;1;-1,-7.994070798658E-17,2.43677148771548E-15;-2=-1%1,47=0%2,279=2%2,-1=-1%1;-8.78157599327006,114.291648787815,-1.35416666666656|-7.99407079865793E-17,1,2.95646126796625E-16|-1,-7.994070798658E-17,2.43677148771548E-15
elle;1;1;-1.47823063398312E-16,1,2.53624280160746E-17;-1=-1%1,186=1%2,44=2%2,258=3%2;47.46842400673,85.5416487878154,-36.3541666666667|-1.27675647831893E-15,-2.53624280160748E-17,1|-1.47823063398312E-16,1,2.53624280160746E-17
elle;1;1;8.65927457071934E-17,-1,-2.09053381089431E-16;-1=-1%1,-1=-1%1,-1=-1%1,23=0%2;29.9684240067299,100.541648787815,-1.35416666666663|1.27675647831893E-15,-2.09053381089431E-16,1|8.65927457071934E-17,-1,-2.09053381089431E-16
elle;1;1;-2.19558842748401E-16,1,-2.09053381089431E-16;-1=-1%1,-1=-1%1,-1=-1%1,125=1%2;94.96842400673,120.541648787815,-26.3541666666667|1,2.19558842748401E-16,-1.11022302462516E-15|-2.19558842748401E-16,1,-2.09053381089431E-16
stick;1;1;1.22460635382238E-16,-1.22460635382238E-16,1;-1=-1%1,122=3%2,-1=-1%1,-1=-1%1;26.1142573400632,80.4374821211488,24.8958333333333|1.22460635382238E-16,-1.22460635382238E-16,1|-1,0,1.22460635382238E-16
stick;1;1;-1.02363027891796E-15,2.33146835171283E-15,-1;140=0%2,-1=-1%1,-1=-1%1,224=3%2;96.3225906733966,145.645815454482,-20.1041666666667|-1.02363027891796E-15,2.33146835171283E-15,-1|-1.32966097041204E-16,1,2.33146835171283E-15
elle;1;1;1.47823063398313E-16,1,1.27675647831893E-15;58=2%2,-1=-1%1,-1=-1%1,-1=-1%1;59.96842400673,105.541648787815,-6.35416666666665|1,-1.47823063398313E-16,-3.58678896750444E-17|1.47823063398313E-16,1,1.27675647831893E-15
elle;1;1;1.11022302462516E-15,2.09053381089431E-16,1;-1=-1%1,217=2%2,-1=-1%1,146=2%2;112.46842400673,131.791648787815,-15.1041666666667|9.7098207366163E-17,-1,2.09053381089431E-16|1.11022302462516E-15,2.09053381089431E-16,1
elle;1;1;-6.12303176911189E-17,-1,7.49830360911069E-33;151=3%2,-1=-1%1,-1=-1%1,-1=-1%1;22.4684240067298,75.5416487878154,43.6458333333333|-1,6.12303176911189E-17,1.22460635382238E-16|-6.12303176911189E-17,-1,7.49830360911069E-33
stick;1;1;-1,8.65927457071936E-17,0;-1=-1%1,208=1%2,123=1%2,-1=-1%1;66.2184240067299,75.6458154544821,35|-1,8.65927457071936E-17,0|1.71120296140744E-32,1.97615048169709E-16,1
stick;1;1;-6.12303176911189E-17,-2.53624280160747E-17,-1;194=3%2,59=1%2,-1=-1%1,-1=-1%1;66.1142573400633,105.645815454482,-20.1041666666667|-6.12303176911189E-17,-2.53624280160747E-17,-1|-1,-1.47823063398312E-16,6.12303176911189E-17
elle;1;1;1.22460635382238E-16,1,-6.12303176911189E-17;81=0%2,-2=-1%1,-1=-1%1,-1=-1%1;39.9684240067299,80.5416487878154,43.6458333333333|1,-1.22460635382238E-16,1.49966072182214E-32|1.22460635382238E-16,1,-6.12303176911189E-17
stick;1;1;1.21552616062781E-15,2.53624280160748E-17,-1;-1=-1%1,175=1%2,-1=-1%1,-1=-1%1;46.1142573400633,80.4374821211488,-40.1041666666667|1.21552616062781E-15,2.53624280160748E-17,-1|1.47823063398312E-16,-1,-2.53624280160746E-17
elle;1;1;-2.66453525910038E-15,-1.73185491414384E-16,-1;297=1%2,66=1%2,226=2%2,-1=-1%1;87.4684240067299,69.2916487878154,-20.1041666666667|1.0677030972295E-15,1,-1.73185491414387E-16|-2.66453525910038E-15,-1.73185491414384E-16,-1
elle;1;1;-1,-7.994070798658E-17,2.31431085233325E-15;-1=-1%1,137=2%2,-1=-1%1,-1=-1%1;-8.78157599327013,114.291648787815,-13.8541666666666|-2.31431085233325E-15,5.07248560321491E-17,-1|-1,-7.994070798658E-17,2.31431085233325E-15
stick;1;1;1,2.22044604925031E-16,-2.43677148771548E-15;164=0%2,-1=-1%1,-1=-1%1,-1=-1%1;-18.78157599327,115.437482121149,4.7916666666668|1,2.22044604925031E-16,-2.43677148771548E-15|2.22044604925031E-16,-1,-1.73185491414387E-16
elle;1;1;1,-1.12893341492062E-15,-2.66453525910038E-15;-2=-1%1,-1=-1%1,118=1%2,-1=-1%1;81.2184240067299,71.7916487878153,-3.85416666666665|-2.66453525910038E-15,-1.73185491414384E-16,-1|1,-1.12893341492062E-15,-2.66453525910038E-15
elle;1;1;-1,-1.49966072182214E-32,-1.22460635382238E-16;-1=-1%1,-1=-1%1,-1=-1%1,35=0%2;76.21842400673,109.291648787815,21.1458333333334|1.22460635382238E-16,-1.22460635382238E-16,-1|-1,-1.49966072182214E-32,-1.22460635382238E-16
stick;1;1;3.06151588455594E-16,-1,1.22460635382238E-16;-1=-1%1,-1=-1%1,173=0%2,-1=-1%1;71.3225906733966,125.541648787816,-45|3.06151588455594E-16,-1,1.22460635382238E-16|1,3.06151588455594E-16,1.22460635382238E-16
stick;1;1;1.22460635382238E-16,0,1;-1=-1%1,-1=-1%1,138=1%2,-1=-1%1;36.3225906733966,75.4374821211488,44.8958333333333|1.22460635382238E-16,0,1|-1.22460635382238E-16,-1,1.49966072182214E-32
stick;1;1;1.27675647831893E-15,-1.11955173723268E-16,-1;-1=-1%1,-1=-1%1,-1=-1%1,184=0%2;66.3225906733966,105.645815454482,-40.1041666666667|1.27675647831893E-15,-1.11955173723268E-16,-1|-2.34415809105506E-16,1,-1.11955173723268E-16
stick;1;1;1.16573417585641E-15,3.58678896750462E-17,1;-1=-1%1,251=2%2,264=0%2,142=0%2;46.1142573400633,120.645815454482,-10.1041666666667|1.16573417585641E-15,3.58678896750462E-17,1|-1.55431223447522E-15,1,-3.58678896750444E-17
stick;1;1;0,1,-6.12303176911189E-17;-1=-1%1,-1=-1%1,134=2%2,-1=-1%1;66.1142573400633,65.5416487878154,4.79166666666667|0,1,-6.12303176911189E-17|0,-6.12303176911189E-17,-1
elle;1;1;-1.06042026587955E-32,1,-2.09053381089431E-16;-1=-1%1,98=3%2,267=2%2,-1=-1%1;79.96842400673,85.5416487878154,3.64583333333337|1,5.30210132939774E-33,-2.53624280160747E-17|-1.06042026587955E-32,1,-2.09053381089431E-16
elle;1;1;2.09053381089431E-16,-1,1.47823063398312E-16;128=1%2,-1=-1%1,-1=-1%1,295=2%2;84.96842400673,95.5416487878155,-31.3541666666667|1.22460635382238E-16,1.47823063398312E-16,1|2.09053381089431E-16,-1,1.47823063398312E-16
stick;1;1;1.83690953073357E-16,0,1;-1=-1%1,-1=-1%1,-1=-1%1,169=3%2;41.1142573400632,60.4374821211487,64.8958333333333|1.83690953073357E-16,0,1|-1,1.22460635382238E-16,1.83690953073357E-16
stick;1;1;1,-2.77555756156289E-16,-6.16297582203915E-33;-1=-1%1,-1=-1%1,228=1%2,84=3%2;46.2184240067299,100.437482121149,40|1,-2.77555756156289E-16,-6.16297582203915E-33|-1.08318513044091E-32,-6.12303176911189E-17,1
stick;1;1;-1,2.22044604925031E-16,-1.11022302462516E-15;150=0%2,-1=-1%1,-1=-1%1,-1=-1%1;91.2184240067299,70.4374821211487,20|-1,2.22044604925031E-16,-1.11022302462516E-15|-2.22044604925031E-16,-1,8.65927457071935E-17
elle;1;1;-1,1.19016373261174E-15,2.60330494140926E-15;254=2%2,-1=-1%1,120=1%2,-2=-1%1;81.2184240067299,99.2916487878154,-11.3541666666666|1.19016373261174E-15,1,-5.07248560321495E-17|-1,1.19016373261174E-15,2.60330494140926E-15
stick;1;1;0,1,-1.22460635382238E-16;-1=-1%1,-1=-1%1,143=2%2,-1=-1%1;61.1142573400632,65.5416487878154,-0.208333333333333|0,1,-1.22460635382238E-16|0,-1.22460635382238E-16,-1
stick;1;1;1,-1.19016373261174E-15,-2.48084430602702E-15;-1=-1%1,-1=-1%1,131=0%2,205=3%2;81.21842400673,115.437482121149,10|1,-1.19016373261174E-15,-2.48084430602702E-15|2.48084430602702E-15,1.66533453693774E-16,1
stick;1;1;1.27675647831893E-15,1,-7.99407079865834E-17;-1=-1%1,-1=-1%1,-1=-1%1,204=3%2;71.1142573400634,125.541648787815,9.79166666666671|1.27675647831893E-15,1,-7.99407079865834E-17|-2.39425156031983E-15,-7.99407079865803E-17,-1
stick;1;1;-1.22460635382238E-16,0,-1;-1=-1%1,-1=-1%1,134=3%2,-1=-1%1;56.1142573400633,60.6458154544821,4.89583333333334|-1.22460635382238E-16,0,-1|-1,0,1.22460635382238E-16
elle;1;1;1.11022302462516E-15,1.302118906335E-15,-1;-1=-1%1,-1=-1%1,159=2%2,-1=-1%1;62.4684240067299,84.2916487878155,-35.1041666666667|-6.12303176911187E-17,1,1.302118906335E-15|1.11022302462516E-15,1.302118906335E-15,-1
elle;1;1;-1.71120296140744E-32,-1.97615048169709E-16,-1;-1=-1%1,183=1%2,-1=-1%1,-1=-1%1;67.4684240067299,79.2916487878154,29.8958333333333|8.65927457071936E-17,1,-1.97615048169709E-16|-1.71120296140744E-32,-1.97615048169709E-16,-1
stick;1;1;-1,-2.34415809105504E-16,1.4432899320127E-15;-1=-1%1,-1=-1%1,-1=-1%1,136=0%2;61.2184240067299,110.645815454482,-45.2083333333333|-1,-2.34415809105504E-16,1.4432899320127E-15|-2.34415809105506E-16,1,-1.38777878078145E-15
elle;1;1;-1,-6.12303176911189E-17,-6.12303176911189E-17;214=1%2,48=0%2,-1=-1%1,-1=-1%1;51.2184240067299,121.791648787815,-3.85416666666666|6.12303176911189E-17,-1,0|-1,-6.12303176911189E-17,-6.12303176911189E-17
elle;1;1;-1,-9.70982073661629E-17,3.58678896750441E-17;291=0%2,105=3%2,230=3%2,-1=-1%1;46.2184240067299,109.291648787815,-33.8541666666667|-3.58678896750443E-17,1.27675647831893E-15,-1|-1,-9.70982073661629E-17,3.58678896750441E-17
elle;1;1;1.22460635382238E-16,1,-1.22460635382238E-16;-1=-1%1,57=2%2,-1=-1%1,-1=-1%1;67.4684240067299,95.5416487878154,8.64583333333339|-1.27675647831893E-15,1.22460635382238E-16,1|1.22460635382238E-16,1,-1.22460635382238E-16
elle;1;1;2.5845945511138E-15,4.00016391538527E-16,-1;-1=-1%1,87=0%2,-1=-1%1,-1=-1%1;32.4684240067299,101.791648787815,-30.1041666666667|-1,-2.95646126796624E-16,-2.5845945511138E-15|2.5845945511138E-15,4.00016391538527E-16,-1
stick;1;1;1,6.12303176911189E-17,6.12303176911189E-17;247=0%2,210=0%2,-1=-1%1,-1=-1%1;51.2184240067299,125.437482121149,5|1,6.12303176911189E-17,6.12303176911189E-17|-6.12303176911189E-17,-3.74915180455534E-33,1
elle;1;1;-2.8078916043952E-16,1.09306552524557E-15,-1;-1=-1%1,-1=-1%1,-1=-1%1,127=0%2;74.9684240067299,84.2916487878154,-15.1041666666667|1,-2.53624280160745E-17,-2.8078916043952E-16|-2.8078916043952E-16,1.09306552524557E-15,-1
elle;1;1;-6.12303176911189E-17,1,0;-1=-1%1,232=3%2,-1=-1%1,16=2%2;49.9684240067299,85.5416487878154,-13.8541666666667|-1.22460635382238E-16,-7.49830360911069E-33,-1|-6.12303176911189E-17,1,0
stick;1;1;-1.58328525057282E-16,1,-2.09053381089431E-16;-1=-1%1,-1=-1%1,181=1%2,-1=-1%1;111.114257340063,135.541648787816,-20.0000000000001|-1.58328525057282E-16,1,-2.09053381089431E-16|-1,-1.58328525057282E-16,1.11022302462516E-15
elle;1;1;1,2.09053381089431E-16,-1.22460635382238E-16;270=2%2,-2=-1%1,128=2%2,-1=-1%1;76.21842400673,116.791648787815,-36.3541666666667|2.09053381089431E-16,-1,8.65927457071936E-17|1,2.09053381089431E-16,-1.22460635382238E-16
elle;1;1;6.12303176911188E-17,-1,-2.44921270764475E-16;-1=-1%1,-1=-1%1,147=3%2,-1=-1%1;24.9684240067299,90.5416487878154,21.1458333333334|1,6.12303176911189E-17,-1.22460635382238E-16|6.12303176911188E-17,-1,-2.44921270764475E-16
stick;1;1;-1.22124532708767E-15,-3.58678896750441E-17,-1;-1=-1%1,130=1%2,-1=-1%1,-1=-1%1;46.3225906733966,85.4374821211488,44.8958333333333|-1.22124532708767E-15,-3.58678896750441E-17,-1|1,-8.65927457071934E-17,-1.22124532708767E-15
stick;1;1;-1,-7.994070798658E-17,1.27675647831893E-15;-1=-1%1,-1=-1%1,225=2%2,77=0%2;-3.78157599327003,105.437482121149,10.0000000000001|-1,-7.994070798658E-17,1.27675647831893E-15|7.99407079865799E-17,-1,-5.07248560321493E-17
stick;1;1;0,-1,-1.27675647831893E-15;58=0%2,-1=-1%1,-1=-1%1,-1=-1%1;56.3225906733966,125.541648787815,-15|0,-1,-1.27675647831893E-15|1,4.57945605062415E-32,-3.58678896750443E-17
elle;1;1;2.44921270764475E-16,1,-1.49966072182214E-32;235=3%2,-1=-1%1,-1=-1%1,30=0%2;42.4684240067299,90.5416487878154,31.1458333333333|-1,2.44921270764475E-16,1.22460635382238E-16|2.44921270764475E-16,1,-1.49966072182214E-32
stick;1;1;1.11022302462516E-15,-2.33146835171283E-15,1;-1=-1%1,-1=-1%1,-1=-1%1,179=3%2;96.1142573400633,145.645815454482,-0.104166666666714|1.11022302462516E-15,-2.33146835171283E-15,1|-1.32966097041204E-16,1,2.33146835171283E-15
stick;1;1;-1,4.25199273956577E-17,1.27675647831893E-15;274=0%2,289=1%2,221=2%2,-1=-1%1;-3.78157599327002,105.645815454482,14.7916666666667|-1,4.25199273956577E-17,1.27675647831893E-15|4.25199273956578E-17,1,5.07248560321492E-17
elle;1;1;-2.54207462371814E-15,-1.73185491414384E-16,-1;-1=-1%1,-1=-1%1,187=2%2,-2=-1%1;84.9684240067299,86.7916487878153,-20.1041666666667|-1.0677030972295E-15,-1,1.73185491414387E-16|-2.54207462371814E-15,-1.73185491414384E-16,-1
elle;1;1;1,0,-6.12303176911188E-17;122=2%2,-1=-1%1,-1=-1%1,-1=-1%1;31.2184240067299,94.2916487878155,28.6458333333334|6.12303176911188E-17,0,1|1,0,-6.12303176911188E-17
elle;1;1;-2.77555756156289E-16,-1,-6.12303176911189E-17;-1=-1%1,200=2%2,-1=-1%1,-1=-1%1;44.9684240067299,95.5416487878154,43.6458333333334|-1.08318513044091E-32,-6.12303176911189E-17,1|-2.77555756156289E-16,-1,-6.12303176911189E-17
elle;1;1;2.4980018054066E-15,-1.73185491414387E-16,1;132=1%2,-1=-1%1,-1=-1%1,-1=-1%1;-7.53157599327003,91.7916487878154,9.89583333333343|7.99407079865796E-17,-1,-1.73185491414387E-16|2.4980018054066E-15,-1.73185491414387E-16,1
elle;1;1;-1,-9.70982073661629E-17,3.58678896750441E-17;-1=-1%1,-1=-1%1,-1=-1%1,211=2%2;46.2184240067299,109.291648787815,-46.3541666666667|-9.70982073661629E-17,1,1.27675647831893E-15|-1,-9.70982073661629E-17,3.58678896750441E-17
elle;1;1;-1,-3.06151588455594E-16,-6.12303176911188E-17;173=1%2,-1=-1%1,-1=-1%1,-1=-1%1;71.2184240067299,116.791648787816,-31.3541666666667|-6.12303176911189E-17,1.22460635382238E-16,1|-1,-3.06151588455594E-16,-6.12303176911188E-17
elle;1;1;-1.83690953073357E-16,-1.1247455413666E-32,-1;-1=-1%1,-1=-1%1,-1=-1%1,216=1%2;49.9684240067299,79.2916487878154,-10.1041666666666|1,6.12303176911189E-17,-1.83690953073357E-16|-1.83690953073357E-16,-1.1247455413666E-32,-1
elle;1;1;-1,-2.34415809105506E-16,8.65927457071936E-17;-1=-1%1,136=1%2,-1=-1%1,284=1%2;66.2184240067299,114.291648787815,-36.3541666666667|-2.34415809105506E-16,1,-1.26531814539921E-15|-1,-2.34415809105506E-16,8.65927457071936E-17
elle;1;1;1,-1.27675647831893E-15,2.09053381089431E-16;-1=-1%1,-1=-1%1,-1=-1%1,68=2%2;41.21842400673,116.791648787815,-3.85416666666667|2.09053381089431E-16,8.65927457071933E-17,-1|1,-1.27675647831893E-15,2.09053381089431E-16
elle;1;1;2.44921270764475E-16,1,-1.49966072182214E-32;-1=-1%1,-1=-1%1,-2=-1%1,223=0%2;47.4684240067299,90.5416487878154,41.1458333333333|-1,2.44921270764475E-16,1.22460635382238E-16|2.44921270764475E-16,1,-1.49966072182214E-32
stick;1;1;-6.12303176911189E-17,1.22460635382238E-16,1;-1=-1%1,165=0%2,-1=-1%1,-1=-1%1;51.1142573400632,105.645815454482,34.8958333333334|-6.12303176911189E-17,1.22460635382238E-16,1|1.22460635382238E-16,1,-1.22460635382238E-16
stick;1;1;-2.44921270764475E-16,-2.09053381089431E-16,-1;-1=-1%1,-2=-1%1,113=3%2,277=3%2;81.1142573400633,80.4374821211488,-20.1041666666667|-2.44921270764475E-16,-2.09053381089431E-16,-1|1.47823063398312E-16,-1,2.09053381089431E-16
elle;1;1;-1.22460635382238E-16,1,2.09053381089431E-16;-1=-1%1,-1=-1%1,-1=-1%1,171=2%2;34.9684240067299,60.5416487878154,13.6458333333333|1,1.22460635382238E-16,-2.7028369878055E-16|-1.22460635382238E-16,1,2.09053381089431E-16
stick;1;1;-1,6.65203772061336E-18,3.77475828372553E-15;164=3%2,-1=-1%1,-1=-1%1,-1=-1%1;21.21842400673,115.645815454482,5.00000000000002|-1,6.65203772061336E-18,3.77475828372553E-15|3.77475828372553E-15,-8.65927457071933E-17,1
stick;1;1;-1,1.19016373261174E-15,2.54207462371814E-15;-1=-1%1,260=3%2,100=2%2,-1=-1%1;96.2184240067299,115.645815454482,-0.208333333333317|-1,1.19016373261174E-15,2.54207462371814E-15|1.19016373261174E-15,1,-1.73185491414387E-16
elle;1;1;1.22460635382238E-16,-6.12303176911189E-17,-1;52=0%2,-1=-1%1,242=0%2,298=2%2;84.96842400673,104.291648787815,-5.10416666666667|1,6.12303176911189E-17,1.22460635382238E-16|1.22460635382238E-16,-6.12303176911189E-17,-1
elle;1;1;6.12303176911189E-17,-1,1.22460635382238E-16;241=2%2,250=2%2,-1=-1%1,-1=-1%1;99.96842400673,105.541648787815,-1.35416666666662|-1.22460635382238E-16,1.22460635382238E-16,1|6.12303176911189E-17,-1,1.22460635382238E-16
stick;1;1;0,1,-1.22460635382238E-16;-1=-1%1,35=1%2,-1=-1%1,-1=-1%1;81.3225906733967,120.541648787815,19.7916666666667|0,1,-1.22460635382238E-16|1,1.49966072182214E-32,1.22460635382238E-16
stick;1;1;-1,8.88178419700125E-16,-8.65927457071937E-17;-1=-1%1,-1=-1%1,-1=-1%1,27=0%2;56.21842400673,115.645815454482,-20|-1,8.88178419700125E-16,-8.65927457071937E-17|-8.65927457071936E-17,3.58678896750443E-17,1
elle;1;1;1,2.19558842748401E-16,-1.11022302462516E-15;141=1%2,-1=-1%1,-1=-1%1,-1=-1%1;91.21842400673,144.291648787816,-31.3541666666667|1.11022302462516E-15,8.65927457071937E-17,1|1,2.19558842748401E-16,-1.11022302462516E-15
elle;1;1;-2.95646126796625E-16,1,2.77555756156289E-16;286=3%2,-1=-1%1,75=2%2,-2=-1%1;52.46842400673,100.541648787815,-31.3541666666667|-2.5845945511138E-15,-2.7755575615629E-16,1|-2.95646126796625E-16,1,2.77555756156289E-16
stick;1;1;-1,-6.12303176911189E-17,0;214=0%2,-1=-1%1,-1=-1%1,-1=-1%1;71.2184240067299,125.437482121149,4.79166666666667|-1,-6.12303176911189E-17,0|3.77360967506142E-49,-6.16297582203915E-33,-1
stick;1;1;8.65927457071936E-17,-1,-1.47823063398312E-16;-1=-1%1,172=3%2,253=1%2,-1=-1%1;31.1142573400633,95.5416487878154,-15.2083333333333|8.65927457071936E-17,-1,-1.47823063398312E-16|-1,-8.65927457071934E-17,-1.39921711370117E-15
elle;1;1;0,1,-1.22460635382238E-16;-1=-1%1,35=3%2,-1=-1%1,-1=-1%1;77.46842400673,125.541648787815,18.6458333333334|-2.44921270764475E-16,1.22460635382238E-16,1|0,1,-1.22460635382238E-16
stick;1;1;1.83690953073357E-16,-1.22460635382238E-16,-1;-1=-1%1,-2=-1%1,242=1%2,-1=-1%1;101.322590673397,110.437482121149,-5.10416666666667|1.83690953073357E-16,-1.22460635382238E-16,-1|1,6.12303176911189E-17,1.83690953073357E-16
elle;1;1;-1.16573417585641E-15,-3.58678896750462E-17,-1;-1=-1%1,-1=-1%1,195=1%2,-1=-1%1;47.46842400673,109.291648787815,-10.1041666666667|-1.55431223447522E-15,1,-3.58678896750444E-17|-1.16573417585641E-15,-3.58678896750462E-17,-1
elle;1;1;1,3.39896542528966E-32,3.06151588455594E-16;158=0%2,-1=-1%1,-1=-1%1,-1=-1%1;56.2184240067299,109.291648787815,38.6458333333334|-3.06151588455594E-16,1.11022302462516E-16,1|1,3.39896542528966E-32,3.06151588455594E-16
stick;1;1;2.09053381089431E-16,-1,-1.47823063398312E-16;-1=-1%1,248=2%2,-1=-1%1,282=0%2;31.3225906733966,95.5416487878154,-20.2083333333333|2.09053381089431E-16,-1,-1.47823063398312E-16|1.39921711370117E-15,1.47823063398313E-16,-1
elle;1;1;1,-1.19016373261174E-15,-2.60330494140926E-15;263=1%2,-1=-1%1,202=0%2,-1=-1%1;81.2184240067299,94.2916487878154,-26.3541666666666|2.60330494140926E-15,5.07248560321464E-17,1|1,-1.19016373261174E-15,-2.60330494140926E-15
stick;1;1;-1,2.44921270764475E-16,1.22460635382238E-16;-1=-1%1,-1=-1%1,138=3%2,-1=-1%1;41.2184240067299,70.6458154544821,49.7916666666667|-1,2.44921270764475E-16,1.22460635382238E-16|2.44921270764475E-16,1,-2.99932144364427E-32
elle;1;1;6.12303176911189E-17,1.83690953073357E-16,1;-1=-1%1,-1=-1%1,22=1%2,-1=-1%1;67.4684240067299,74.2916487878154,9.89583333333337|-1,7.49830360911069E-33,6.12303176911189E-17|6.12303176911189E-17,1.83690953073357E-16,1
stick;1;1;-1.22460635382238E-16,-1,0;-1=-1%1,-1=-1%1,55=1%2,-1=-1%1;61.1142573400633,110.541648787815,15|-1.22460635382238E-16,-1,0|0,0,1
elle;1;1;-1.27675647831893E-15,-8.65927457071936E-17,1;-1=-1%1,-1=-1%1,-1=-1%1,175=3%2;39.96842400673,84.2916487878154,-35.1041666666667|-1.47823063398312E-16,1,8.65927457071935E-17|-1.27675647831893E-15,-8.65927457071936E-17,1
stick;1;1;-1.27675647831893E-15,1.22460635382238E-16,1;-1=-1%1,-1=-1%1,89=1%2,-1=-1%1;61.3225906733965,85.4374821211488,14.8958333333333|-1.27675647831893E-15,1.22460635382238E-16,1|-2.44921270764475E-16,-1,1.22460635382237E-16
elle;1;1;-1,1.19016373261174E-15,2.54207462371814E-15;-1=-1%1,-1=-1%1,-1=-1%1,240=1%2;96.2184240067299,109.291648787815,1.14583333333334|-2.54207462371814E-15,-1.73185491414384E-16,-1|-1,1.19016373261174E-15,2.54207462371814E-15
stick;1;1;-1,-4.40728183115358E-17,1.39921711370117E-15;-1=-1%1,-1=-1%1,39=1%2,-1=-1%1;21.21842400673,90.6458154544821,5.00000000000004|-1,-4.40728183115358E-17,1.39921711370117E-15|1.39921711370117E-15,-8.65927457071934E-17,1
stick;1;1;-1,-2.0393792551738E-32,-1.83690953073357E-16;-1=-1%1,158=2%2,-1=-1%1,-1=-1%1;56.2184240067299,95.4374821211487,19.7916666666667|-1,-2.0393792551738E-32,-1.83690953073357E-16|1.83690953073357E-16,-1.11022302462516E-16,-1
elle;1;1;-1.19016373261174E-15,-1,5.07248560321495E-17;-1=-1%1,254=0%2,-1=-1%1,-1=-1%1;79.9684240067299,85.5416487878154,-26.3541666666666|2.60330494140926E-15,5.07248560321464E-17,1|-1.19016373261174E-15,-1,5.07248560321495E-17
elle;1;1;-1.16573417585641E-15,-3.58678896750462E-17,-1;195=2%2,-1=-1%1,-1=-1%1,-1=-1%1;37.46842400673,124.291648787815,-10.1041666666667|-1.55431223447522E-15,1,-3.58678896750444E-17|-1.16573417585641E-15,-3.58678896750462E-17,-1
elle;1;1;1,7.99407079865801E-17,-2.4980018054066E-15;132=3%2,294=1%2,-1=-1%1,-1=-1%1;1.21842400672999,86.7916487878154,18.6458333333334|7.99407079865796E-17,-1,-1.73185491414387E-16|1,7.99407079865801E-17,-2.4980018054066E-15
stick;1;1;2.38697950294409E-15,1,-2.59778237121584E-16;-1=-1%1,-1=-1%1,-1=-1%1,95=0%2;86.3225906733966,135.541648787815,-15|2.38697950294409E-15,1,-2.59778237121584E-16|2.45548187801094E-15,2.59778237121578E-16,1
elle;1;1;1.06042026587955E-32,-1,2.09053381089431E-16;-1=-1%1,-1=-1%1,197=2%2,-1=-1%1;97.46842400673,85.5416487878154,3.64583333333337|-1,-5.30210132939774E-33,2.53624280160747E-17|1.06042026587955E-32,-1,2.09053381089431E-16
stick;1;1;-1,-1.38777878078145E-15,1.19681577033235E-15;125=3%2,-1=-1%1,-1=-1%1,-1=-1%1;116.21842400673,120.437482121149,-20.0000000000001|-1,-1.38777878078145E-15,1.19681577033235E-15|1.38777878078145E-15,-1,2.95646126796623E-16
elle;1;1;2.09053381089431E-16,-1,2.53624280160747E-17;-1=-1%1,163=1%2,-1=-1%1,-1=-1%1;69.96842400673,90.5416487878155,-21.3541666666666|2.44921270764475E-16,2.53624280160747E-17,1|2.09053381089431E-16,-1,2.53624280160747E-17
elle;1;1;-1,-2.09053381089431E-16,1.22460635382238E-16;-1=-1%1,-1=-1%1,218=0%2,-1=-1%1;76.2184240067299,121.791648787816,-51.3541666666667|1.22460635382238E-16,8.65927457071936E-17,1|-1,-2.09053381089431E-16,1.22460635382238E-16
elle;1;1;-1.22460635382238E-16,-1.22460635382238E-16,-1;-1=-1%1,-1=-1%1,-1=-1%1,126=2%2;49.9684240067299,54.2916487878154,34.8958333333333|1,0,-1.22460635382238E-16|-1.22460635382238E-16,-1.22460635382238E-16,-1
stick;1;1;-3.58678896750445E-17,-1.27675647831893E-15,1;-1=-1%1,-1=-1%1,-1=-1%1,69=0%2;26.1142573400632,105.437482121149,49.8958333333333|-3.58678896750445E-17,-1.27675647831893E-15,1|-1,3.92744334162788E-16,-3.5867889675044E-17
stick;1;1;0,1,2.09053381089431E-16;171=0%2,-1=-1%1,-1=-1%1,-1=-1%1;36.3225906733965,40.5416487878154,19.7916666666667|0,1,2.09053381089431E-16|1,5.65037210834314E-32,-2.7028369878055E-16
stick;1;1;1,0,-1.27675647831893E-15;225=0%2,-1=-1%1,-1=-1%1,-1=-1%1;-23.78157599327,105.437482121149,14.7916666666668|1,0,-1.27675647831893E-15|-6.47632885508414E-32,-1,-5.07248560321491E-17
stick;1;1;-1.10357098690454E-15,-1,1.66533453693773E-16;-1=-1%1,-1=-1%1,-1=-1%1,21=3%2;91.1142573400632,85.5416487878154,-20.2083333333333|-1.10357098690454E-15,-1,1.66533453693774E-16|-1,1.10357098690454E-15,2.75112800480757E-15
elle;1;1;-1,-1.66533453693774E-16,1.27675647831893E-15;-1=-1%1,-1=-1%1,-1=-1%1,76=3%2;21.2184240067299,84.2916487878154,-6.35416666666663|-1.66533453693773E-16,1,8.65927457071938E-17|-1,-1.66533453693774E-16,1.27675647831893E-15
stick;1;1;2.77555756156289E-16,2.09053381089431E-16,1;-1=-1%1,-1=-1%1,-1=-1%1,237=3%2;81.3225906733966,80.4374821211488,-0.104166666666693|2.77555756156289E-16,2.09053381089431E-16,1|1.47823063398312E-16,-1,2.09053381089431E-16
elle;1;1;1.22460635382238E-16,1,0;-1=-1%1,290=1%2,165=1%2,-1=-1%1;39.9684240067299,95.5416487878154,33.6458333333334|1,-1.22460635382238E-16,1.49966072182214E-32|1.22460635382238E-16,1,0
stick;1;1;-2.37554117002436E-15,2.95646126796625E-16,-1;-1=-1%1,-1=-1%1,174=2%2,-1=-1%1;-8.67740932660339,125.437482121149,-0.10416666666656|-2.37554117002436E-15,2.95646126796625E-16,-1|1,7.994070798658E-17,-2.37554117002436E-15
elle;1;1;8.65927457071935E-17,8.65927457071935E-17,1;-1=-1%1,71=3%2,-1=-1%1,-1=-1%1;72.4684240067299,81.7916487878154,14.8958333333333|-1.83690953073357E-16,-1,8.65927457071935E-17|8.65927457071935E-17,8.65927457071935E-17,1
stick;1;1;-1,0,-1.22460635382238E-16;15=0%2,-1=-1%1,-1=-1%1,-1=-1%1;96.21842400673,120.437482121149,5|-1,0,-1.22460635382238E-16|-1.49966072182214E-32,-1,1.22460635382238E-16
stick;1;1;1,1.38777878078145E-15,1.39921711370117E-15;253=3%2,-1=-1%1,-1=-1%1,-1=-1%1;21.2184240067299,105.645815454482,-20|1,1.38777878078145E-15,1.39921711370117E-15|-1.38777878078145E-15,1,1.47823063398311E-16
stick;1;1;3.56876444487744E-16,-2.60902410786912E-15,1;153=0%2,-1=-1%1,-1=-1%1,-1=-1%1;41.3225906733965,50.4374821211488,9.89583333333334|3.56876444487744E-16,-2.60902410786912E-15,1|8.65927457071927E-17,-1,-2.60902410786912E-15
elle;1;1;8.65927457071933E-17,1.26531814539921E-15,1;-1=-1%1,233=3%2,-1=-1%1,-1=-1%1;64.9684240067299,119.291648787816,-30.1041666666667|-2.34415809105506E-16,1,-1.26531814539921E-15|8.65927457071933E-17,1.26531814539921E-15,1
elle;1;1;-2.09053381089431E-16,1,-8.65927457071936E-17;-1=-1%1,114=2%2,-1=-1%1,-1=-1%1;77.46842400673,110.541648787815,-26.3541666666667|6.54939702025047E-33,8.65927457071936E-17,1|-2.09053381089431E-16,1,-8.65927457071936E-17
elle;1;1;2.95646126796624E-16,-1,-1.55095120774051E-16;-1=-1%1,-1=-1%1,-1=-1%1,246=0%2;62.46842400673,100.541648787815,-33.8541666666667|2.5845945511138E-15,1.55095120774052E-16,-1|2.95646126796624E-16,-1,-1.55095120774051E-16
stick;1;1;6.12303176911189E-17,1,-7.49830360911069E-33;-1=-1%1,151=2%2,-1=-1%1,-1=-1%1;16.1142573400632,75.5416487878154,35|6.12303176911189E-17,1,-7.49830360911069E-33|-1,6.12303176911189E-17,1.22460635382238E-16
elle;1;1;1.83690953073357E-16,-7.49830360911069E-33,1;169=1%2,-1=-1%1,-1=-1%1,-1=-1%1;49.9684240067299,64.2916487878154,44.8958333333333|1.22460635382238E-16,1,-1.49966072182214E-32|1.83690953073357E-16,-7.49830360911069E-33,1
elle;1;1;-4.25199273956578E-17,-1,-5.07248560321492E-17;-1=-1%1,225=1%2,-1=-1%1,-1=-1%1;-0.031575993269982,100.541648787815,16.1458333333334|1,-4.25199273956577E-17,-1.33798679601005E-15|-4.25199273956578E-17,-1,-5.07248560321492E-17
elle;1;1;-1.22460635382238E-16,-1,0;-1=-1%1,278=1%2,-1=-1%1,-1=-1%1;34.9684240067299,90.5416487878154,38.6458333333334|6.12303176911189E-17,-7.49830360911069E-33,1|-1.22460635382238E-16,-1,0
elle;1;1;-1,-9.70982073661631E-17,1.58328525057282E-16;211=0%2,-1=-1%1,-1=-1%1,-1=-1%1;46.2184240067299,96.7916487878155,-26.3541666666667|1.58328525057282E-16,-1.27675647831893E-15,1|-1,-9.70982073661631E-17,1.58328525057282E-16
elle;1;1;1,3.06151588455594E-16,1.22460635382238E-16;-1=-1%1,173=2%2,-1=-1%1,-1=-1%1;86.21842400673,121.791648787815,-36.3541666666667|3.06151588455594E-16,-1,1.83690953073357E-16|1,3.06151588455594E-16,1.22460635382238E-16
elle;1;1;1.22460635382238E-16,-1.22460635382238E-16,1;-1=-1%1,-1=-1%1,-1=-1%1,119=3%2;44.9684240067299,79.2916487878154,19.8958333333333|1.49966072182214E-32,1,1.22460635382238E-16|1.22460635382238E-16,-1.22460635382238E-16,1
stick;1;1;-2.4980018054066E-15,2.95646126796625E-16,-1;-1=-1%1,265=1%2,-1=-1%1,-1=-1%1;-3.88574265993667,90.6458154544821,19.8958333333334|-2.4980018054066E-15,2.95646126796625E-16,-1|-1,-7.99407079865801E-17,2.4980018054066E-15
stick;1;1;2.09053381089431E-16,-1,1.47823063398312E-16;-1=-1%1,-1=-1%1,198=3%2,-1=-1%1;91.1142573400633,95.5416487878155,-30|2.09053381089431E-16,-1,1.47823063398312E-16|1.22460635382238E-16,1.47823063398312E-16,1
elle;1;1;2.44921270764475E-16,-3.58678896750441E-17,1;113=0%2,-1=-1%1,-1=-1%1,-1=-1%1;62.46842400673,71.7916487878154,-20.1041666666667|1.47823063398312E-16,-1,-3.58678896750442E-17|2.44921270764475E-16,-3.58678896750441E-17,1
stick;1;1;-1.0677030972295E-15,-1,2.34415809105506E-16;-1=-1%1,187=0%2,-1=-1%1,-1=-1%1;96.3225906733965,65.5416487878153,-20|-1.0677030972295E-15,-1,2.34415809105506E-16|1,-1.0677030972295E-15,-2.66453525910037E-15
elle;1;1;-2.44921270764475E-16,6.12303176911188E-17,1;-1=-1%1,-1=-1%1,241=3%2,-1=-1%1;87.46842400673,116.791648787815,-5.10416666666667|6.12303176911189E-17,-1,6.12303176911189E-17|-2.44921270764475E-16,6.12303176911188E-17,1
elle;1;1;3.58678896750442E-17,1,2.88994089076011E-16;-1=-1%1,155=2%2,-1=-1%1,-1=-1%1;47.46842400673,115.541648787815,3.64583333333339|2.53624280160746E-17,-2.88994089076011E-16,1|3.58678896750442E-17,1,2.88994089076011E-16
elle;1;1;-1,-6.12303176911189E-17,-1.83690953073357E-16;-1=-1%1,-1=-1%1,-1=-1%1,124=2%2;66.2184240067299,136.791648787815,-6.35416666666666|-1.83690953073357E-16,1.22460635382238E-16,1|-1,-6.12303176911189E-17,-1.83690953073357E-16
